 -49.539432149179135  -50.58713303529988  -57.7353164958506  -56.46199924348596  -56.916100814783164  -58.02120037933019 
 -56.53470803534681  -56.991701285584746  -57.93601569504832  -49.704441835630625  -50.74711974316147  -57.65394359668197 
 -57.72169413469125  -50.51346900803182  -49.6077686314865  -58.00034695208824  -56.935306557776215  -56.45673782760242 
 -57.91586721713687  -57.01268893283011  -56.52857263403243  -57.6409297706387  -50.67647588374918  -49.77092302719786 
 -41.864802836976054  -53.13964857600991  -59.25079381857807  -56.71154091643806  -56.752335155954405  -60.18456288435037 
 -50.05844051901449  -54.74624163124026  -56.951713827275  -55.04311253838842  -57.45742251317494  -58.629429766324606 
 -52.57604431648567  -44.22825680704282  -57.897434077142044  -57.04993252704645  -57.655418464824685  -56.75609579218717 
 -53.51532850539346  -50.36861760963983  -56.85596175349022  -57.02002409142867  -55.806778245969625  -56.570144912298595 
 -54.64288965460951  -57.37646531836145  -58.62914714403433  -50.50806885230542  -54.95421210291328  -57.09985306092579 
 -57.27155955942915  -56.983295269531204  -59.96300129620536  -41.988038402279834  -53.18435508221655  -58.90928908295799 
 -56.86600578341869  -55.23306733527789  -56.63390495964304  -53.76015460688344  -50.76296895877059  -57.01696084419375 
 -57.29520716824265  -58.345147400603445  -56.5560211445923  -52.55070435397296  -44.32874516504106  -57.572644090356924 
 -57.80469222262927  -43.784984680494254  -52.79398699226794  -56.68020771534383  -57.66838342257841  -57.0533345853992 
 -56.876868107145015  -50.32705418861952  -53.64990260314392  -56.52538552852164  -55.85824560757029  -57.0577693785598 
 -59.23810067713419  -53.02916753236734  -42.131071464514385  -60.10157468329256  -56.8119969957652  -56.69433044177387 
 -56.9372399263815  -54.64149711508  -50.13957826337073  -58.5846080905942  -57.38911063321418  -55.06848272070722 
 -56.61150867419398  -55.27724652194047  -56.93421802329392  -57.05623240287673  -50.73405371406202  -53.89633240901004 
 -56.49063240286334  -58.38016615834938  -57.252185734848155  -57.49473777700479  -43.90012136711787  -52.74468142148655 
 -58.56457000895748  -57.29649741091911  -54.65213208937065  -57.06633568336033  -54.848050735286215  -50.576087871822196 
 -59.873806894312985  -57.046005702114016  -57.280915576925196  -58.8878466244014  -53.071430351632955  -42.270483707694844 