 1900 1100
 1836 1112
 1771 1119
 1707 1133
 1642 1128
 1577 1130
 1515 1111
 1458 1079
 1402 1046
 1351 1005
 1293 975
 1233 951
 1168 940
 1106 922
 1045 898
 982 880
 919 866
 856 846
 792 838
 727 832
 662 834
 597 838
 532 843
 468 858
 406 879
 347 905
 289 935
 233 969
 179 1006
 131 1050
 125 985
 105 923
 102 988
 119 1051
 127 1116
 145 1179
 176 1236
 202 1296
 228 1355
 196 1299
 147 1256
 103 1207
 144 1258
 183 1311
 214 1368
 214 1303
 207 1238
 204 1173
 210 1108
 207 1043
 204 978
 201 913
 199 847
 189 783
 192 718
 184 653
 173 589
 165 524
 149 461
 142 396
 152 332
 170 269
 188 206
 218 148
 153 153
 205 114
 250 161
 299 204
 349 246
 393 294
 427 350
 457 407
 498 458
 543 505
 579 559
 624 607
 661 661
 686 721
 719 777
 738 840
 751 904
 766 967
 765 1032
 767 1097
 782 1161
 802 1223
 818 1286
 830 1350
 895 1358
 958 1372
 1021 1388
 1086 1381
 1151 1383
 1216 1391
 1280 1378
 1345 1377
 1410 1387
 1475 1388
 1540 1390
 1604 1378
 1670 1379
 1735 1373
 1800 1368
 1865 1363
 1896 1306
 1844 1345
 1792 1386
 1814 1324
 1827 1260
 1839 1196
 1836 1131
 1816 1069
 1801 1005
 1775 945
 1756 883
 1724 826
 1686 773
 1648 720
 1613 665
 1580 609
 1530 567
 1468 548
 1410 518
 1347 500
 1282 494
 1218 502
 1154 515
 1089 522
 1024 528
 959 525
 894 524
 831 506
 773 476
 715 446
 654 424
 591 405
 527 392
 464 375
 403 353
 344 325
 287 293
 243 245
 201 195
 164 141
 104 166
 149 119
 214 121
 277 103
 298 165
 312 229
 345 285
 368 346
 384 409
 408 470
 426 532
 461 588
 479 650
 514 705
 547 762
 593 808
 633 859
 678 906
 721 956
 745 1016
 766 1078
 808 1128
 858 1169
 915 1201
 977 1223
 1038 1245
 1093 1281
 1139 1327
 1186 1372
 1247 1395
 1207 1344
 1169 1290
 1124 1243
 1083 1193
 1035 1149
 998 1095
 970 1036
 948 975
 928 913
 910 850
 871 798
 828 748
 792 694
 749 645
 694 609
 643 569
 592 528
 533 501
 477 467
 418 440
 366 401
 316 359
 267 316
 217 274
 172 227
 123 184
 108 247
 109 313
 114 378
 122 442
 120 507
 109 572
 160 612
 208 656
 255 701
 310 736
 365 772
 421 804
 479 835
 541 855
 602 878
 660 907
 721 931
 780 959
 841 981
 904 1000
 937 1056
 946 1120
 960 1184
 966 1249
 966 1314
 977 1379
 932 1331
 882 1290
 834 1245
 781 1208
 753 1149
 735 1086
 717 1024
 694 962
 688 898
 672 834
 674 769
 677 704
 688 640
 693 575
 692 509
 691 444
 680 380
 669 316
 656 252
 649 187
 660 123
 724 110
 740 174
 754 237
 784 295
 801 358
 835 414
 867 471
 900 527
 936 581
 961 642
 981 704
 987 769
 993 834
 1005 898
 1032 957
 1058 1017
 1095 1071
 1135 1122
 1183 1167
 1227 1215
 1278 1256
 1314 1310
 1338 1370
 1275 1355
 1213 1334
 1154 1307
 1091 1290
 1031 1264
 970 1242
 906 1228
 843 1210
 781 1191
 719 1169
 656 1153
 597 1127
 536 1103
 472 1091
 407 1094
 347 1119
 285 1140
 221 1154
 164 1186
 114 1227
 123 1163
 141 1100
 157 1037
 167 973
 161 908
 150 843
 140 779
 134 714
 121 650
 127 585
 126 520
 124 455
 116 390
 116 325
 122 260
 106 197
 107 132
 166 159
 221 194
 282 217
 347 224
 412 228
 477 224
 542 233
 604 253
 666 272
 720 309
 768 353
 816 397
 868 436
 920 476
 981 498
 1038 530
 1088 572
 1140 612
 1190 653
 1246 688
 1308 707
 1368 733
 1423 768
 1475 808
 1534 835
 1591 866
 1647 900
 1710 915
 1766 949
 1801 1005
 1828 1064
 1852 1124
 1875 1185
 1878 1120
 1867 1056
 1855 992
 1832 931
 1797 876
 1765 819
 1729 765
 1690 712
 1645 666
 1617 607
 1599 544
 1574 484
 1570 419
 1564 354
 1549 290
 1532 227
 1526 162
 1476 122
 1425 163
 1379 209
 1322 240
 1258 256
 1199 282
 1136 301
 1072 311
 1007 307
 941 306
 876 307
 818 277
 770 233
 722 189
 671 148
 618 111
 657 163
 707 205
 752 252
 807 286
 869 308
 927 337
 989 360
 1046 391
 1101 425
 1165 439
 1226 462
 1283 493
 1333 536
 1367 591
 1406 643
 1447 694
 1494 740
 1548 776
 1600 815
 1659 843
 1719 868
 1781 888
 1843 908
 1839 843
 1844 778
 1843 713
 1860 650
 1859 584
 1855 519
 1844 455
 1842 390
 1833 325
 1802 268
 1765 215
 1737 156
 1793 188
 1847 225
 1792 191
 1758 135
 1818 110
 1878 137
 1849 195
 1816 251
 1776 303
 1736 354
 1696 406
 1655 456
 1617 509
 1575 560
 1520 594
 1457 612
 1393 621
 1328 629
 1263 633
 1198 632
 1133 635
 1067 636
 1003 649
 941 667
 880 690
 815 699
 752 716
 693 743
 630 760
 568 779
 503 789
 438 798
 373 803
 308 799
 243 798
 179 785
 115 777
 132 715
 163 657
 193 599
 217 539
 243 479
 273 421
 305 364
 347 314
 399 275
 440 224
 483 175
 513 117
 486 176
 450 231
 397 270
 340 300
 287 338
 224 355
 159 361
 140 423
 128 487
 113 551
 150 605
 191 655
 208 718
 238 776
 274 830
 300 890
 327 950
 341 1013
 366 1073
 401 1128
 448 1173
 507 1202
 565 1232
 626 1253
 675 1297
 736 1320
 795 1349
 851 1382
 786 1375
 721 1372
 655 1375
 590 1374
 525 1381
 461 1390
 396 1396
 331 1393
 266 1391
 201 1397
 135 1399
 201 1399
 266 1393
 330 1382
 391 1360
 447 1326
 497 1284
 542 1237
 583 1186
 634 1145
 678 1097
 723 1050
 772 1007
 816 959
 847 902
 892 855
 944 814
 999 780
 1051 740
 1110 713
 1171 690
 1226 655
 1275 612
 1331 579
 1372 528
 1409 474
 1455 428
 1497 378
 1524 318
 1546 257
 1574 198
 1607 142
 1563 190
 1504 217
 1442 237
 1383 266
 1325 297
 1266 324
 1220 370
 1175 417
 1136 469
 1095 520
 1058 574
 1002 607
 942 633
 881 656
 817 668
 752 668
 687 664
 622 664
 560 685
 495 690
 432 708
 378 745
 327 785
 296 842
 283 906
 292 971
 297 1036
 311 1100
 324 1163
 335 1228
 353 1290
 381 1349
 353 1290
 340 1227
 330 1162
 319 1098
 306 1034
 268 981
 227 930
 190 876
 143 832
 169 772
 194 712
 210 649
 233 588
 241 523
 259 460
 286 401
 308 340
 304 274
 304 209
 321 146
 384 130
 448 119
 386 137
 330 171
 280 213
 222 243
 174 287
 132 337
 196 352
 254 381
 312 411
 353 461
 393 513
 424 571
 452 630
 473 691
 491 754
 505 818
 511 883
 520 947
 528 1012
 530 1077
 530 1142
 523 1207
 510 1271
 490 1333
 464 1393
 414 1351
 369 1304
 330 1252
 282 1208
 231 1167
 181 1125
 129 1085
 136 1150
 161 1210
 172 1275
 198 1334
 226 1393
 291 1397
 271 1335
 248 1274
 236 1210
 225 1146
 235 1081
 246 1017
 249 952
 250 887
 238 822
 218 760
 204 697
 178 637
 134 589
 180 543
 222 493
 259 440
 303 392
 347 344
 381 288
 409 229
 417 164
 399 102
 440 153
 489 195
 546 227
 603 259
 666 277
 726 301
 785 329
 846 353
 910 365
 975 367
 1040 361
 1104 350
 1168 337
 1234 339
 1297 352
 1361 367
 1425 377
 1484 405
 1542 436
 1593 476
 1635 526
 1672 580
 1719 625
 1768 668
 1816 713
 1864 757
 1839 696
 1800 644
 1749 603
 1701 559
 1651 518
 1617 462
 1570 417
 1514 384
 1457 351
 1394 334
 1333 311
 1270 296
 1206 281
 1141 281
 1078 264
 1017 241
 953 254
 889 267
 827 284
 762 296
 702 320
 638 331
 573 338
 508 340
 445 360
 382 374
 317 366
 256 343
 195 319
 135 294
 136 229
 155 167
 183 108
 193 172
 186 237
 188 302
 171 366
 156 429
 145 493
 150 558
 177 618
 197 680
 220 741
 257 795
 279 856
 295 919
 324 978
 353 1036
 397 1084
 444 1130
 488 1178
 500 1242
 500 1307
 499 1372
 564 1369
 628 1354
 690 1334
 748 1303
 788 1252
 832 1204
 875 1155
 929 1119
 973 1071
 1005 1014
 1032 954
 1045 890
 1050 825
 1028 764
 1017 700
 1004 636
 988 572
 964 512
 938 452
 921 389
 894 330
 867 271
 854 207
 834 144
 814 206
 802 271
 792 335
 781 399
 785 464
 782 529
 778 595
 793 658
 800 723
 799 788
 795 853
 785 918
 786 983
 792 1048
 803 1112
 804 1177
 802 1242
 806 1307
 815 1372
 768 1327
 723 1280
 684 1228
 669 1164
 655 1101
 633 1039
 617 976
 608 911
 593 848
 599 783
 582 720
 554 661
 519 606
 483 552
 453 494
 443 430
 444 364
 448 299
 481 243
 503 182
 527 121
 506 183
 497 247
 507 312
 515 376
 521 441
 516 506
 520 572
 532 636
 539 700
 558 763
 562 828
 573 892
 583 957
 602 1019
 631 1078
 664 1134
 707 1183
 754 1227
 805 1268
 860 1303
 918 1334
 976 1363
 1032 1398
 975 1365
 918 1333
 862 1299
 803 1272
 757 1226
 719 1173
 687 1116
 655 1059
 626 1001
 596 943
 573 882
 541 825
 496 778
 462 722
 412 680
 372 628
 331 578
 287 530
 251 475
 209 426
 174 371
 148 311
 124 250
 149 190
 179 133
 233 169
 289 204
 343 241
 398 275
 448 317
 495 362
 554 389
 617 406
 680 424
 738 454
 801 472
 863 491
 926 508
 987 532
 1045 561
 1099 598
 1150 639
 1207 671
 1270 685
 1335 694
 1398 710
 1455 743
 1501 788
 1544 838
 1585 888
 1634 931
 1682 975
 1731 1018
 1758 1077
 1798 1129
 1844 1176
 1850 1240
 1843 1305
 1848 1370
 1806 1320
 1769 1267
 1730 1215
 1674 1181
 1618 1148
 1563 1112
 1516 1067
 1474 1017
 1417 986
 1356 963
 1299 930
 1234 924
 1169 923
 1104 928
 1041 943
 980 966
 925 1001
 878 1047
 844 1103
 811 1159
 777 1214
 750 1274
 720 1332
 697 1393
 739 1343
 777 1290
 810 1234
 839 1175
 866 1116
 886 1054
 917 996
 935 934
 941 869
 950 804
 954 739
 962 674
 968 609
 962 544
 960 479
 956 414
 958 349
 952 284
 953 219
 970 156
 1016 110
 1070 146
 1117 192
 1153 246
 1196 295
 1245 338
 1293 382
 1329 436
 1358 495
 1396 548
 1424 607
 1450 666
 1481 724
 1495 787
 1508 851
 1518 916
 1535 979
 1536 1044
 1544 1109
 1572 1168
 1606 1223
 1654 1268
 1704 1309
 1740 1364
 1740 1298
 1758 1236
 1775 1173
 1790 1109
 1800 1045
 1809 980
 1843 924
 1869 865
 1871 799
 1873 734
 1887 671
 1896 606
 1893 541
 1897 476
 1858 423
 1813 376
 1785 317
 1764 255
 1743 193
 1715 135
 1780 137
 1845 133
 1841 198
 1826 262
 1819 327
 1803 390
 1774 448
 1749 508
 1722 568
 1698 629
 1681 691
 1660 753
 1613 798
 1560 837
 1504 870
 1447 901
 1392 937
 1349 986
 1305 1034
 1251 1070
 1201 1113
 1150 1153
 1099 1194
 1040 1221
 983 1253
 920 1271
 857 1288
 792 1294
 729 1311
 668 1334
 613 1369
 551 1352
 487 1336
 422 1330
 361 1309
 298 1292
 235 1274
 170 1270
 105 1269
 164 1295
 223 1323
 282 1351
 345 1368
 405 1395
 356 1351
 296 1325
 234 1307
 172 1287
 110 1265
 136 1205
 158 1144
 185 1085
 198 1021
 231 964
 257 905
 279 843
 292 779
 294 714
 308 651
 312 586
 313 520
 316 455
 327 391
 360 335
 393 279
 414 217
 460 171
 502 121
 506 186
 532 246
 557 306
 582 367
 589 431
 603 495
 611 560
 600 624
 583 687
 564 749
 542 811
 520 872
 492 931
 466 991
 448 1054
 430 1116
 411 1179
 380 1236
 368 1300
 366 1365
 396 1307
 421 1247
 448 1188
 491 1139
 540 1096
 588 1052
 628 1000
 683 965
 736 927
 783 882
 840 851
 892 811
 938 765
 980 715
 1023 666
 1071 622
 1114 573
 1160 526
 1198 474
 1217 411
 1237 349
 1260 289
 1301 237
 1339 184
 1388 141
 1447 114
 1457 178
 1464 243
 1483 305
 1501 368
 1519 431
 1523 496
 1526 561
 1513 625
 1510 690
 1543 747
 1557 810
 1560 876
 1551 940
 1549 1005
 1560 1069
 1580 1132
 1602 1193
 1621 1255
 1645 1316
 1657 1380
 1600 1349
 1535 1341
 1471 1328
 1408 1312
 1344 1300
 1279 1296
 1213 1295
 1150 1310
 1086 1322
 1036 1364
 981 1398
 979 1333
 972 1268
 960 1204
 960 1139
 955 1074
 955 1009
 948 944
 933 881
 924 816
 929 751
 946 688
 954 623
 985 566
 1022 512
 1065 463
 1111 417
 1153 367
 1185 310
 1227 261
 1273 214
 1315 164
 1357 115
 1302 148
 1248 185
 1198 227
 1145 265
 1098 311
 1046 349
 989 382
 936 420
 888 464
 842 510
 788 547
 730 577
 669 598
 610 627
 552 657
 523 715
 485 768
 435 810
 389 856
 351 909
 309 959
 277 1016
 246 1073
 208 1126
 184 1187
 148 1241
 114 1297
 131 1234
 155 1173
 186 1116
 220 1060
 255 1005
 278 944
 316 891
 348 834
 374 775
 419 727
 473 692
 517 643
 575 614
 639 600
 698 573
 757 544
 812 510
 871 482
 926 447
 985 418
 1046 395
 1102 363
 1160 333
 1213 294
 1255 244
 1286 187
 1331 140
 1329 205
 1330 270
 1340 335
 1348 399
 1356 464
 1364 529
 1346 591
 1353 656
 1364 721
 1378 784
 1404 844
 1441 898
 1479 951
 1520 1002
 1554 1057
 1578 1118
 1598 1180
 1629 1238
 1654 1298
 1694 1349
 1740 1396
 1675 1389
 1613 1368
 1552 1345
 1495 1314
 1438 1282
 1385 1244
 1352 1188
 1330 1127
 1303 1067
 1273 1009
 1238 954
 1204 898
 1180 838
 1171 773
 1153 711
 1129 650
 1097 593
 1082 530
 1082 465
 1085 399
 1084 334
 1073 270
 1040 214
 1009 156
 1051 106
 1010 157
 961 200
 908 238
 860 282
 820 333
 795 393
 768 453
 744 513
 727 576
 697 635
 667 692
 630 746
 598 803
 554 851
 493 876
 436 907
 379 939
 319 963
 256 981
 207 1024
 164 1073
 121 1122
 128 1187
 138 1251
 145 1316
 175 1374
 240 1376
 303 1361
 367 1349
 432 1342
 497 1338
 551 1301
 606 1266
 662 1232
 718 1200
 780 1180
 844 1165
 908 1173
 972 1188
 1037 1194
 1100 1212
 1156 1244
 1216 1271
 1268 1311
 1307 1362
 1314 1297
 1321 1233
 1325 1168
 1314 1103
 1294 1041
 1256 988
 1217 936
 1196 875
 1176 812
 1151 752
 1129 691
 1113 628
 1098 564
 1083 501
 1057 441
 1024 385
 1004 322
 985 260
 969 197
 954 133
 1018 147
 1083 146
 1148 154
 1213 158
 1278 155
 1342 166
 1403 189
 1466 207
 1529 223
 1594 228
 1659 217
 1722 203
 1781 176
 1845 160
 1892 115
 1827 109
 1762 103
 1715 149
 1666 192
 1624 241
 1582 291
 1542 343
 1503 395
 1476 454
 1451 515
 1435 578
 1433 643
 1450 706
 1471 768
 1505 823
 1529 884
 1567 937
 1596 995
 1622 1055
 1648 1115
 1677 1173
 1675 1238
 1678 1303
 1683 1368
 1742 1396
 1677 1387
 1613 1378
 1548 1366
 1484 1354
 1421 1340
 1355 1338
 1290 1338
 1228 1359
 1168 1383
 1116 1344
 1059 1313
 1006 1275
 947 1247
 882 1238
 820 1218
 755 1211
 690 1212
 625 1204
 561 1216
 498 1234
 438 1258
 379 1287
 322 1318
 301 1380
 263 1327
 235 1268
 227 1203
 203 1142
 165 1089
 116 1046
 116 981
 120 916
 128 851
 136 787
 145 722
 144 657
 147 592
 134 528
 132 463
 118 399
 124 464
 143 526
 168 586
 197 645
 235 698
 288 736
 348 762
 412 770
 475 788
 540 793
 602 813
 665 830
 729 844
 791 865
 854 880
 918 891
 979 916
 1042 933
 1101 960
 1153 1000
 1212 1026
 1261 1070
 1299 1122
 1331 1180
 1364 1235
 1399 1291
 1428 1349
 1483 1313
 1532 1271
 1579 1226
 1632 1187
 1688 1154
 1737 1112
 1782 1064
 1828 1017
 1882 981
 1831 1021
 1779 1061
 1729 1104
 1684 1150
 1633 1190
 1581 1230
 1537 1279
 1486 1319
 1438 1363
 1460 1302
 1466 1237
 1459 1172
 1451 1107
 1435 1044
 1426 979
 1391 924
 1357 868
 1317 817
 1301 754
 1293 689
 1275 626
 1253 565
 1230 504
 1225 439
 1214 375
 1210 310
 1207 245
 1205 179
 1193 115
 1128 109
 1193 104
 1257 113
 1321 128
 1383 148
 1446 166
 1509 182
 1572 199
 1635 214
 1698 232
 1757 259
 1814 291
 1863 334
 1798 336
 1733 342
 1669 352
 1604 349
 1540 335
 1475 342
 1412 358
 1353 386
 1293 413
 1233 437
 1169 452
 1104 454
 1039 455
 974 452
 910 467
 848 487
 787 509
 723 522
 658 527
 594 539
 536 569
 480 603
 425 638
 374 678
 320 715
 268 754
 222 800
 171 841
 122 885
 139 822
 146 757
 161 693
 179 631
 184 566
 191 501
 197 436
 204 371
 205 306
 214 241
 226 177
 235 112
 183 151
 118 160
 168 202
 204 256
 240 310
 273 367
 317 415
 353 469
 384 527
 414 584
 437 645
 464 705
 490 764
 517 824
 523 889
 525 954
 516 1019
 492 1080
 483 1144
 461 1206
 435 1265
 401 1321
 374 1380
 397 1320
 424 1260
 459 1205
 485 1145
 516 1088
 553 1034
 567 971
 604 917
 650 870
 694 823
 741 778
 783 727
 831 683
 873 633
 909 579
 942 523
 954 459
 969 395
 973 330
 967 265
 965 200
 975 135
 945 193
 901 242
 860 292
 816 341
 785 398
 733 438
 670 452
 608 474
 544 488
 492 527
 438 564
 379 591
 320 618
 260 645
 206 682
 156 723
 110 769
 174 759
 235 737
 286 696
 342 662
 397 627
 459 608
 523 597
 585 574
 639 538
 697 509
 760 491
 820 465
 882 445
 946 435
 1008 414
 1069 391
 1132 375
 1196 364
 1258 343
 1322 330
 1387 327
 1452 333
 1517 324
 1581 311
 1644 297
 1709 291
 1774 292
 1840 293
 1783 261
 1729 225
 1679 182
 1621 154
 1557 139
 1495 120
 1432 101
 1430 166
 1426 231
 1429 296
 1442 360
 1476 415
 1506 473
 1535 532
 1562 591
 1598 646
 1635 700
 1680 747
 1726 793
 1763 846
 1810 892
 1855 939
 1895 991
 1895 1056
 1877 1119
 1859 1181
 1852 1246
 1853 1311
 1855 1376
 1821 1321
 1783 1268
 1739 1220
 1691 1176
 1630 1152
 1571 1125
 1508 1108
 1444 1094
 1381 1079
 1316 1089
 1252 1097
 1187 1109
 1123 1119
 1058 1127
 996 1146
 931 1155
 870 1176
 810 1202
 746 1218
 683 1231
 621 1254
 562 1281
 498 1291
 433 1299
 372 1324
 309 1341
 251 1370
 192 1398
 128 1390
 182 1354
 219 1300
 251 1243
 274 1182
 279 1117
 273 1052
 259 989
 240 926
 226 863
 198 804
 168 746
 131 692
 100 635
 158 665
 217 692
 271 729
 333 749
 385 788
 436 830
 483 875
 534 915
 583 958
 631 1002
 684 1041
 735 1080
 772 1135
 797 1195
 810 1258
 829 1321
 858 1379
 801 1349
 747 1312
 690 1280
 633 1249
 570 1230
 512 1201
 465 1156
 417 1112
 361 1078
 304 1046
 248 1012
 198 971
 138 945
 203 950
 268 951
 331 966
 396 968
 462 968
 527 963
 592 957
 656 949
 721 951
 785 936
 845 910
 907 892
 966 863
 1021 828
 1072 787
 1120 744
 1180 717
 1231 677
 1265 622
 1315 580
 1370 544
 1417 500
 1469 460
 1490 398
 1520 340
 1567 296
 1621 258
 1682 235
 1747 230
 1810 216
 1868 186
 1821 141
 1881 114
 1844 169
 1810 224
 1767 273
 1730 327
 1697 383
 1678 445
 1646 502
 1608 555
 1592 619
 1563 677
 1548 740
 1521 800
 1490 857
 1449 908
 1418 965
 1387 1023
 1360 1082
 1335 1142
 1324 1207
 1312 1271
 1289 1332
 1268 1394
 1203 1395
 1138 1397
 1073 1393
 1008 1389
 943 1386
 878 1380
 813 1372
 748 1365
 686 1346
 624 1325
 571 1288
 519 1247
 469 1206
 428 1155
 385 1106
 327 1075
 286 1025
 264 964
 265 899
 271 834
 260 769
 239 708
 200 655
 145 621
 154 685
 151 750
 155 816
 152 881
 137 944
 118 1007
 179 1032
 234 1067
 285 1107
 338 1145
 392 1182
 438 1228
 487 1271
 544 1303
 592 1347
 648 1381
 583 1372
 520 1356
 463 1324
 422 1273
 376 1227
 331 1180
 288 1130
 240 1087
 188 1047
 132 1014
 116 1077
 175 1105
 234 1131
 296 1152
 358 1173
 422 1186
 481 1213
 536 1248
 590 1286
 643 1322
 678 1378
 627 1337
 574 1299
 519 1264
 461 1234
 400 1210
 341 1184
 280 1161
 216 1145
 158 1116
 104 1079
 169 1081
 234 1072
 299 1065
 361 1046
 426 1051
 492 1053
 553 1075
 617 1086
 674 1118
 723 1161
 776 1199
 828 1238
 884 1271
 945 1294
 1010 1302
 1072 1322
 1128 1356
 1187 1383
 1232 1336
 1277 1288
 1317 1237
 1363 1191
 1406 1142
 1458 1102
 1511 1064
 1562 1024
 1611 981
 1651 929
 1700 886
 1760 862
 1821 837
 1881 812
 1841 863
 1787 900
 1730 933
 1686 981
 1645 1032
 1601 1080
 1564 1133
 1516 1178
 1472 1225
 1421 1267
 1360 1290
 1298 1309
 1234 1323
 1172 1343
 1114 1373
 1112 1308
 1108 1243
 1090 1180
 1076 1116
 1059 1053
 1052 989
 1053 923
 1066 860
 1092 799
 1112 737
 1120 673
 1117 608
 1128 543
 1145 480
 1151 415
 1171 353
 1207 299
 1231 238
 1263 181
 1309 135
 1358 179
 1408 220
 1468 247
 1532 257
 1586 293
 1642 327
 1697 363
 1749 401
 1804 437
 1848 485
 1874 545
 1820 582
 1763 613
 1715 658
 1680 713
 1653 772
 1620 828
 1584 883
 1558 943
 1549 1007
 1538 1072
 1525 1136
 1492 1191
 1461 1249
 1438 1310
 1424 1374
 1421 1309
 1417 1244
 1399 1181
 1373 1121
 1371 1056
 1357 992
 1338 930
 1317 868
 1319 803
 1309 738
 1295 675
 1300 610
 1300 544
 1307 479
 1314 415
 1320 350
 1314 285
 1284 227
 1259 167
 1248 103
 1183 105
 1120 123
 1056 132
 991 135
 927 150
 864 165
 800 179
 740 205
 675 211
 615 235
 569 282
 542 341
 507 396
 469 449
 426 498
 400 558
 373 617
 346 676
 308 729
 269 781
 227 832
 177 873
 121 907
 160 855
 203 805
 248 759
 299 718
 352 680
 405 642
 455 600
 517 580
 578 556
 637 528
 690 490
 739 447
 797 418
 854 386
 916 364
 973 333
 1028 299
 1077 256
 1126 212
 1167 162
 1206 110
 1194 174
 1200 239
 1210 303
 1226 366
 1245 429
 1277 486
 1301 546
 1333 603
 1368 658
 1408 709
 1437 768
 1464 827
 1499 882
 1527 941
 1549 1002
 1584 1058
 1623 1109
 1662 1162
 1689 1222
 1704 1285
 1725 1347
 1681 1395
 1642 1342
 1609 1286
 1573 1232
 1547 1172
 1510 1119
 1470 1067
 1439 1009
 1409 951
 1388 890
 1376 826
 1343 769
 1321 708
 1307 644
 1284 583
 1253 526
 1216 472
 1184 415
 1142 366
 1093 322
 1053 271
 1003 228
 940 214
 875 223
 811 235
 746 240
 681 247
 617 260
 553 272
 499 309
 448 350
 403 396
 346 428
 287 456
 226 480
 163 495
 105 464
 144 517
 179 571
 210 629
 249 681
 283 737
 321 790
 354 846
 390 901
 442 940
 490 983
 535 1031
 578 1079
 619 1130
 667 1174
 715 1219
 758 1268
 800 1318
 841 1369
 900 1341
 950 1299
 989 1247
 1025 1193
 1068 1143
 1101 1087
 1131 1029
 1151 967
 1171 905
 1188 842
 1192 777
 1185 712
 1194 647
 1203 583
 1207 518
 1206 453
 1199 388
 1193 323
 1185 258
 1179 193
 1160 131
 1224 144
 1287 161
 1344 193
 1398 229
 1451 267
 1507 300
 1566 327
 1623 359
 1666 408
 1711 456
 1760 498
 1816 532
 1881 539
 1866 475
 1854 411
 1835 349
 1822 285
 1820 220
 1812 155
 1823 220
 1847 280
 1864 343
 1873 408
 1869 473
 1872 538
 1882 602
 1817 611
 1756 634
 1692 643
 1626 643
 1562 634
 1497 631
 1431 630
 1366 630
 1301 635
 1239 655
 1176 672
 1113 688
 1049 701
 984 702
 919 701
 854 706
 789 713
 729 688
 670 660
 608 641
 550 610
 495 576
 452 526
 412 475
 369 426
 326 377
 293 321
 251 271
 210 220
 179 162
 141 110
 158 173
 175 235
 174 301
 184 365
 161 426
 143 489
 123 551
 121 616
 131 680
 153 742
 180 801
 227 846
 264 901
 286 962
 306 1024
 320 1088
 353 1144
 395 1193
 435 1245
 471 1300
 493 1361
 468 1301
 431 1247
 397 1191
 357 1140
 322 1085
 283 1032
 246 979
 212 923
 175 870
 122 831
 158 776
 194 722
 223 663
 248 603
 262 539
 262 474
 267 409
 269 344
 255 280
 236 218
 220 154
 164 188
 110 224
 174 212
 239 206
 304 209
 369 203
 431 183
 490 155
 548 125
 603 160
 666 178
 729 164
 793 148
 852 121
 787 123
 722 120
 657 116
 591 117
 527 127
 466 151
 401 158
 337 169
 273 181
 208 180
 144 194
 198 157
 250 118
 254 184
 257 249
 261 314
 255 379
 241 442
 226 506
 202 567
 199 632
 206 697
 194 761
 171 822
 140 879
 176 824
 221 777
 272 736
 319 691
 377 661
 439 643
 504 640
 568 654
 632 667
 696 678
 761 689
 825 676
 889 683
 953 699
 1008 733
 1063 769
 1105 818
 1143 871
 1189 917
 1233 966
 1267 1022
 1290 1083
 1316 1142
 1318 1207
 1318 1273
 1327 1337
 1265 1357
 1207 1386
 1272 1379
 1335 1362
 1397 1344
 1460 1327
 1525 1322
 1590 1326
 1655 1332
 1720 1326
 1785 1322
 1850 1315
 1844 1250
 1825 1188
 1808 1125
 1786 1064
 1760 1003
 1724 949
 1673 908
 1622 867
 1567 833
 1508 806
 1456 765
 1410 720
 1377 664
 1343 608
 1325 545
 1313 481
 1301 417
 1276 357
 1259 294
 1237 232
 1205 175
 1182 114
 1177 179
 1166 244
 1152 307
 1160 372
 1163 437
 1176 501
 1185 566
 1179 631
 1182 696
 1170 760
 1151 823
 1151 888
 1158 953
 1173 1016
 1197 1077
 1222 1137
 1235 1201
 1236 1266
 1241 1331
 1251 1396
 1186 1397
 1121 1400
 1138 1337
 1152 1273
 1157 1208
 1157 1143
 1178 1081
 1195 1018
 1215 956
 1219 891
 1217 826
 1222 761
 1229 696
 1241 632
 1247 567
 1248 502
 1251 437
 1256 372
 1248 307
 1250 242
 1288 188
 1319 131
 1375 163
 1428 202
 1471 251
 1517 297
 1560 346
 1599 398
 1623 459
 1639 522
 1642 587
 1646 652
 1660 716
 1676 779
 1696 841
 1711 905
 1702 969
 1689 1033
 1672 1096
 1653 1158
 1637 1222
 1642 1287
 1627 1350
 1608 1288
 1593 1224
 1566 1165
 1549 1102
 1533 1039
 1509 978
 1488 917
 1453 862
 1421 805
 1391 747
 1357 691
 1314 642
 1276 589
 1244 532
 1219 472
 1200 410
 1183 347
 1160 286
 1140 223
 1118 162
 1080 109
 1116 163
 1158 213
 1200 263
 1250 306
 1281 363
 1315 419
 1340 479
 1349 543
 1369 605
 1377 670
 1371 735
 1389 798
 1400 862
 1405 927
 1424 989
 1431 1054
 1428 1119
 1421 1184
 1417 1249
 1402 1313
 1366 1367
 1301 1370
 1235 1369
 1170 1373
 1107 1358
 1045 1336
 985 1311
 930 1277
 873 1245
 817 1211
 756 1189
 692 1177
 627 1169
 563 1182
 498 1187
 433 1195
 369 1204
 304 1215
 239 1219
 175 1231
 110 1237
 169 1208
 220 1168
 281 1144
 334 1106
 382 1063
 432 1020
 464 963
 476 899
 501 839
 539 785
 573 730
 594 668
 620 609
 656 554
 691 499
 731 447
 787 415
 839 375
 893 339
 958 334
 1022 322
 1085 305
 1150 296
 1215 298
 1274 325
 1334 350
 1394 375
 1455 399
 1517 421
 1574 452
 1633 480
 1693 504
 1754 529
 1816 546
 1876 573
 1878 638
 1838 587
 1809 528
 1784 468
 1760 407
 1738 346
 1724 282
 1693 225
 1654 172
 1621 116
 1664 165
 1703 218
 1737 273
 1770 330
 1804 385
 1842 438
 1876 494
 1831 447
 1779 407
 1719 382
 1655 370
 1590 364
 1525 358
 1460 361
 1395 367
 1330 360
 1265 357
 1200 348
 1135 342
 1073 322
 1008 318
 948 294
 888 266
 827 244
 763 230
 700 216
 635 213
 570 204
 505 201
 440 198
 375 203
 310 207
 244 208
 179 213
 115 205
 104 141
 165 165
 223 194
 284 218
 327 268
 378 308
 425 354
 479 389
 538 418
 596 448
 656 472
 721 479
 784 498
 842 527
 903 551
 961 580
 1020 608
 1078 637
 1139 660
 1202 679
 1264 699
 1325 721
 1377 760
 1423 807
 1461 860
 1510 902
 1542 959
 1583 1010
 1627 1058
 1673 1104
 1717 1153
 1749 1209
 1779 1267
 1819 1319
 1854 1374
 1859 1308
 1869 1244
 1881 1180
 1890 1115
 1887 1050
 1885 985
 1868 922
 1840 863
 1811 805
 1781 747
 1759 686
 1751 621
 1751 556
 1759 491
 1763 426
 1780 363
 1809 305
 1847 251
 1890 202
 1875 139
 1882 204
 1879 269
 1878 334
 1863 397
 1834 455
 1793 506
 1761 563
 1709 603
 1652 634
 1595 667
 1535 693
 1477 722
 1419 751
 1360 779
 1300 805
 1254 851
 1218 905
 1176 956
 1145 1013
 1108 1066
 1073 1121
 1027 1168
 978 1211
 926 1250
 865 1273
 802 1290
 738 1303
 673 1308
 608 1315
 544 1304
 480 1318
 428 1358
 371 1389
 434 1371
 498 1358
 560 1338
 623 1323
 684 1299
 742 1269
 801 1242
 860 1213
 917 1182
 979 1162
 1041 1141
 1102 1119
 1167 1114
 1232 1109
 1292 1084
 1357 1074
 1416 1046
 1473 1016
 1531 986
 1589 956
 1649 930
 1712 913
 1767 878
 1828 855
 1884 820
 1819 827
 1758 851
 1693 854
 1628 843
 1563 838
 1500 821
 1435 815
 1370 812
 1305 808
 1240 812
 1178 792
 1116 773
 1053 754
 989 741
 925 735
 862 717
 800 698
 735 689
 670 688
 605 691
 540 700
 475 692
 414 669
 352 650
 287 661
 223 673
 161 693
 202 745
 251 787
 292 838
 326 893
 354 952
 394 1004
 430 1058
 467 1112
 518 1153
 559 1204
 586 1263
 622 1317
 661 1369
 671 1305
 694 1244
 717 1183
 760 1133
 791 1076
 813 1015
 827 951
 852 891
 896 843
 941 795
 989 751
 1036 706
 1071 651
 1103 594
 1157 557
 1214 527
 1269 492
 1331 471
 1394 455
 1459 449
 1520 424
 1576 392
 1632 358
 1696 342
 1759 327
 1820 305
 1881 281
 1826 247
 1771 211
 1720 171
 1663 139
 1696 195
 1733 249
 1777 297
 1813 352
 1851 404
 1892 455
 1867 395
 1836 338
 1797 285
 1757 233
 1727 176
 1694 119
 1631 104
 1566 106
 1501 102
 1535 157
 1563 217
 1601 269
 1624 330
 1668 379
 1715 424
 1759 472
 1791 529
 1815 590
 1832 652
 1837 717
 1845 782
 1854 847
 1859 912
 1879 974
 1828 1014
 1773 1050
 1732 1101
 1682 1143
 1645 1197
 1604 1247
 1552 1286
 1492 1311
 1433 1339
 1370 1356
 1307 1375
 1246 1398
 1183 1385
 1117 1389
 1156 1337
 1197 1286
 1235 1233
 1277 1183
 1299 1121
 1323 1061
 1348 1000
 1354 935
 1374 874
 1378 808
 1389 744
 1397 680
 1399 614
 1394 549
 1384 485
 1362 423
 1332 366
 1294 313
 1262 256
 1220 206
 1177 157
 1137 105
 1195 136
 1253 166
 1317 180
 1380 195
 1444 205
 1510 210
 1575 205
 1640 205
 1705 199
 1769 189
 1834 191
 1898 206
 1869 265
 1836 321
 1811 382
 1792 444
 1787 509
 1789 574
 1803 638
 1829 698
 1857 756
 1872 820
 1892 882
 1900 947
 1840 921
 1779 897
 1718 874
 1681 820
 1655 761
 1637 698
 1630 633
 1622 568
 1632 504
 1648 441
 1666 378
 1672 313
 1670 248
 1667 183
 1656 118
 1603 157
 1539 168
 1475 181
 1411 173
 1346 167
 1281 161
 1216 157
 1152 143
 1092 119
 1157 113
 1219 131
 1283 146
 1341 175
 1394 213
 1454 239
 1515 263
 1571 296
 1618 341
 1669 382
 1726 413
 1789 429
 1854 439
 1789 439
 1724 445
 1658 442
 1594 436
 1530 423
 1464 424
 1399 428
 1334 435
 1271 450
 1208 467
 1145 482
 1081 496
 1016 495
 951 503
 887 514
 823 527
 758 532
 692 531
 630 549
 572 579
 512 605
 451 628
 388 645
 325 663
 260 664
 195 658
 133 676
 194 697
 252 727
 309 759
 367 789
 421 826
 461 877
 503 927
 513 992
 519 1057
 518 1122
 527 1186
 535 1251
 536 1316
 545 1381
 586 1330
 627 1279
 675 1235
 726 1194
 775 1152
 829 1115
 878 1072
 919 1021
 948 963
 972 902
 1000 843
 1020 781
 1032 717
 1047 654
 1055 589
 1054 524
 1043 460
 1018 399
 1000 337
 958 287
 915 237
 874 187
 840 132
 882 182
 931 224
 988 256
 1047 283
 1111 296
 1171 321
 1232 346
 1292 372
 1350 400
 1412 421
 1477 422
 1542 420
 1607 417
 1672 409
 1733 432
 1794 455
 1857 472
 1897 420
 1889 355
 1882 290
 1866 227
 1866 162
 1821 209
 1773 253
 1737 308
 1702 363
 1675 422
 1651 483
 1636 546
 1621 610
 1594 669
 1559 724
 1533 784
 1504 842
 1515 907
 1528 971
 1538 1035
 1546 1100
 1533 1164
 1505 1223
 1465 1274
 1430 1329
 1406 1390
 1448 1340
 1488 1288
 1537 1246
 1585 1202
 1638 1164
 1703 1152
 1767 1141
 1831 1132
 1894 1112
 1830 1126
 1765 1132
 1700 1132
 1635 1141
 1571 1153
 1506 1158
 1444 1180
 1382 1200
 1322 1224
 1262 1249
 1202 1276
 1153 1318
 1106 1365
 1171 1370
 1235 1384
 1203 1327
 1153 1285
 1111 1235
 1058 1198
 1007 1157
 953 1121
 897 1086
 853 1038
 825 979
 802 918
 778 858
 751 798
 726 738
 681 691
 634 646
 606 587
 566 535
 539 476
 526 412
 517 348
 504 284
 497 219
 516 156
 581 153
 646 155
 711 157
 774 176
 838 187
 902 197
 966 210
 1030 223
 1089 251
 1145 285
 1202 317
 1264 337
 1328 350
 1389 372
 1444 407
 1488 455
 1536 499
 1589 537
 1633 585
 1682 629
 1719 682
 1779 709
 1837 738
 1892 773
 1829 790
 1765 801
 1701 816
 1636 822
 1571 820
 1506 814
 1441 809
 1376 811
 1312 821
 1247 809
 1182 813
 1119 828
 1057 849
 992 856
 928 870
 868 895
 813 930
 754 957
 691 975
 630 998
 566 1009
 502 1021
 436 1023
 372 1031
 308 1016
 247 995
 185 973
 125 949
 138 1013
 168 1071
 223 1107
 276 1145
 313 1199
 358 1246
 403 1293
 455 1332
 510 1368
 504 1303
 515 1239
 507 1174
 505 1109
 517 1045
 523 980
 540 917
 549 852
 568 790
 579 725
 579 660
 583 595
 608 535
 635 476
 681 429
 741 403
 801 377
 862 354
 927 357
 992 354
 1057 358
 1122 363
 1187 370
 1252 361
 1316 352
 1381 346
 1446 335
 1511 338
 1573 317
 1632 291
 1695 273
 1760 272
 1825 273
 1890 282
 1831 254
 1775 220
 1713 200
 1650 184
 1587 168
 1522 162
 1459 146
 1396 129
 1331 125
 1266 133
 1205 157
 1149 191
 1097 229
 1045 268
 996 311
 954 361
 901 400
 847 436
 787 461
 729 492
 676 530
 623 568
 573 609
 520 648
 459 672
 400 698
 337 716
 278 743
 224 780
 168 813
 121 858
 184 871
 242 901
 298 935
 360 957
 425 958
 490 953
 555 946
 620 939
 685 937
 748 954
 812 963
 876 975
 940 987
 1004 1001
 1069 999
 1134 1010
 1199 1008
 1262 993
 1319 961
 1382 943
 1446 932
 1510 920
 1575 909
 1640 905
 1703 890
 1765 868
 1825 843
 1889 829
 1833 864
 1774 891
 1716 921
 1654 942
 1591 959
 1527 970
 1464 988
 1399 987
 1335 976
 1270 969
 1209 944
 1145 936
 1080 940
 1018 959
 967 1000
 910 1032
 855 1068
 810 1115
 766 1163
 728 1216
 683 1263
 632 1303
 573 1331
 508 1335
 444 1321
 383 1298
 322 1276
 257 1269
 192 1267
 128 1282
 144 1219
 164 1157
 173 1092
 190 1029
 186 964
 176 900
 173 835
 181 770
 172 705
 158 642
 134 581
 119 518
 123 453
 119 388
 105 324
 161 291
 214 252
 267 214
 308 163
 356 119
 353 184
 364 249
 384 311
 400 374
 430 432
 465 487
 508 536
 552 584
 604 624
 644 675
 691 721
 733 770
 767 826
 800 882
 807 947
 823 1011
 844 1072
 859 1136
 849 1200
 836 1264
 851 1328
 854 1393
 850 1328
 861 1263
 856 1198
 847 1134
 839 1069
 827 1005
 821 940
 827 875
 839 811
 852 747
 856 682
 852 617
 840 553
 837 488
 841 422
 846 357
 837 293
 826 229
 821 164
 803 101
 857 138
 909 178
 969 201
 1031 223
 1088 254
 1149 278
 1213 288
 1279 287
 1344 288
 1407 272
 1469 291
 1534 302
 1598 314
 1663 310
 1728 311
 1793 304
 1858 310
 1793 314
 1728 307
 1663 300
 1600 285
 1535 283
 1469 281
 1406 267
 1343 250
 1280 231
 1219 208
 1173 162
 1120 125
 1100 187
 1077 248
 1064 311
 1049 375
 1029 437
 1019 502
 1011 566
 984 626
 942 676
 907 730
 872 786
 828 833
 784 882
 756 941
 724 998
 689 1053
 648 1104
 618 1161
 592 1221
 568 1282
 540 1341
 550 1277
 562 1212
 589 1153
 646 1122
 703 1089
 754 1049
 798 1001
 838 949
 890 910
 935 863
 996 841
 1053 808
 1111 779
 1158 734
 1193 679
 1231 626
 1260 567
 1303 518
 1340 465
 1386 418
 1426 367
 1428 302
 1443 238
 1463 176
 1482 114
 1545 127
 1610 138
 1671 160
 1735 173
 1798 188
 1862 201
 1821 151
 1766 115
 1814 159
 1859 206
 1812 251
 1776 306
 1727 348
 1670 380
 1608 401
 1543 411
 1485 440
 1432 478
 1373 504
 1307 508
 1242 507
 1177 506
 1113 497
 1047 494
 982 495
 919 511
 855 525
 792 542
 727 546
 663 534
 598 530
 533 537
 468 542
 403 545
 339 559
 277 579
 215 599
 153 619
 218 622
 283 624
 348 620
 413 612
 478 603
 542 593
 607 587
 672 587
 737 583
 802 575
 862 550
 923 527
 978 492
 1029 451
 1078 408
 1117 356
 1165 312
 1214 269
 1267 231
 1321 194
 1377 160
 1431 123
 1369 143
 1310 173
 1263 217
 1206 250
 1151 284
 1091 310
 1027 320
 967 346
 911 380
 857 416
 808 459
 768 511
 728 563
 693 618
 664 676
 635 734
 603 791
 580 852
 558 914
 547 978
 538 1042
 525 1106
 512 1170
 506 1235
 519 1299
 532 1363
 470 1342
 413 1311
 357 1277
 296 1254
 232 1240
 169 1225
 104 1218
 164 1244
 225 1266
 286 1289
 348 1311
 408 1336
 456 1380
 500 1332
 549 1290
 606 1257
 664 1228
 726 1207
 786 1183
 850 1169
 907 1137
 966 1109
 1029 1094
 1094 1084
 1159 1077
 1224 1081
 1289 1084
 1354 1083
 1418 1094
 1482 1081
 1545 1064
 1610 1059
 1674 1047
 1739 1037
 1804 1039
 1868 1052
 1867 987
 1867 922
 1850 859
 1842 794
 1827 731
 1827 666
 1818 601
 1820 536
 1809 472
 1813 407
 1815 341
 1817 276
 1798 214
 1783 150
 1719 140
 1655 128
 1594 103
 1608 167
 1624 230
 1623 295
 1618 360
 1608 425
 1603 490
 1613 555
 1606 619
 1617 684
 1620 749
 1609 813
 1598 877
 1609 941
 1630 1003
 1643 1067
 1666 1128
 1675 1193
 1674 1258
 1678 1323
 1691 1387
 1626 1383
 1561 1379
 1498 1362
 1437 1339
 1385 1299
 1325 1274
 1261 1261
 1201 1236
 1136 1227
 1071 1228
 1007 1239
 942 1247
 877 1257
 812 1254
 748 1241
 686 1220
 622 1210
 557 1209
 492 1211
 428 1225
 370 1255
 318 1295
 274 1342
 225 1385
 290 1388
 355 1390
 420 1389
 484 1377
 548 1361
 612 1355
 677 1342
 742 1348
 805 1364
 866 1388
 800 1390
 859 1362
 921 1340
 984 1324
 1045 1301
 1101 1267
 1158 1236
 1211 1198
 1258 1153
 1300 1103
 1351 1062
 1407 1029
 1464 997
 1520 964
 1579 936
 1639 911
 1695 877
 1744 834
 1791 789
 1848 758
 1804 710
 1757 665
 1718 613
 1682 558
 1648 502
 1603 456
 1562 405
 1516 358
 1481 303
 1448 247
 1414 191
 1375 139
 1342 196
 1296 242
 1240 275
 1176 287
 1115 309
 1054 333
 1000 369
 941 398
 885 431
 831 468
 778 506
 721 538
 668 575
 623 622
 568 658
 504 670
 439 671
 374 675
 310 685
 245 695
 187 724
 126 747
 185 775
 239 810
 297 841
 348 881
 392 929
 422 987
 457 1042
 499 1092
 540 1142
 581 1193
 637 1227
 698 1250
 752 1287
 806 1323
 859 1361
 795 1349
 740 1314
 683 1282
 634 1239
 576 1208
 528 1165
 470 1135
 409 1113
 354 1078
 298 1045
 248 1002
 193 967
 146 921
 101 875
 161 849
 218 817
 276 788
 330 752
 387 719
 444 689
 504 663
 561 632
 614 593
 667 555
 721 518
 773 479
 824 438
 879 403
 936 372
 998 351
 1063 345
 1126 331
 1184 300
 1231 255
 1271 204
 1315 155
 1316 221
 1302 284
 1298 349
 1286 413
 1280 478
 1269 543
 1265 608
 1252 672
 1247 737
 1229 799
 1195 855
 1177 918
 1155 979
 1126 1038
 1101 1098
 1092 1162
 1072 1225
 1078 1290
 1085 1355
 1137 1315
 1188 1275
 1236 1231
 1276 1180
 1319 1130
 1370 1090
 1434 1077
 1497 1061
 1562 1053
 1626 1044
 1692 1040
 1756 1047
 1821 1037
 1886 1034
 1856 976
 1832 915
 1792 864
 1744 819
 1690 783
 1638 744
 1586 704
 1540 658
 1498 608
 1470 549
 1442 491
 1414 432
 1384 374
 1358 314
 1321 260
 1278 211
 1239 159
 1199 107
 1135 116
 1071 131
 1011 156
 950 179
 890 204
 829 228
 769 253
 711 283
 659 322
 611 367
 575 421
 558 484
 543 548
 540 613
 518 674
 524 739
 513 804
 491 865
 470 926
 458 991
 467 1055
 468 1121
 471 1186
 480 1250
 473 1315
 451 1377
 514 1394
 547 1338
 569 1277
 577 1212
 588 1147
 578 1083
 568 1019
 547 957
 535 893
 510 833
 494 770
 465 711
 446 648
 413 592
 366 548
 317 504
 270 459
 232 406
 199 350
 162 296
 119 247
 173 283
 233 309
 292 337
 352 362
 408 396
 455 441
 502 486
 533 544
 576 593
 630 629
 672 679
 727 714
 788 738
 851 754
 914 773
 976 793
 1029 831
 1085 863
 1139 901
 1191 940
 1241 982
 1283 1032
 1327 1080
 1363 1134
 1392 1192
 1438 1239
 1476 1292
 1523 1338
 1573 1379
 1593 1317
 1608 1253
 1619 1189
 1619 1124
 1623 1059
 1628 994
 1621 929
 1608 865
 1584 804
 1550 749
 1516 693
 1487 635
 1475 571
 1472 506
 1470 440
 1462 376
 1432 318
 1378 281
 1323 246
 1273 204
 1236 151
 1297 173
 1361 186
 1424 201
 1478 237
 1533 272
 1596 292
 1661 295
 1723 312
 1786 330
 1850 344
 1835 280
 1816 218
 1788 159
 1760 100
 1758 165
 1761 230
 1757 296
 1765 360
 1761 425
 1751 490
 1743 555
 1742 620
 1762 682
 1797 737
 1840 786
 1875 841
 1810 847
 1745 841
 1680 834
 1615 837
 1556 863
 1494 886
 1434 912
 1377 943
 1337 994
 1298 1046
 1259 1099
 1209 1141
 1152 1172
 1094 1203
 1039 1237
 980 1265
 922 1295
 862 1320
 799 1337
 740 1364
 680 1392
 671 1327
 638 1271
 619 1209
 605 1145
 615 1080
 635 1019
 654 956
 662 891
 678 828
 677 763
 675 698
 670 633
 655 569
 655 504
 658 439
 661 374
 654 309
 669 246
 676 181
 685 116
 656 174
 640 238
 632 302
 640 367
 635 432
 618 495
 604 559
 571 615
 558 679
 544 742
 527 805
 503 866
 477 926
 462 989
 446 1052
 408 1106
 377 1163
 350 1222
 340 1287
 332 1352
 390 1321
 438 1278
 491 1240
 548 1207
 605 1175
 663 1146
 723 1120
 785 1101
 835 1059
 877 1009
 914 955
 958 907
 990 850
 1017 791
 1042 731
 1090 686
 1143 648
 1192 605
 1236 557
 1276 506
 1307 448
 1340 392
 1377 338
 1406 280
 1447 229
 1496 186
 1540 138
 1511 197
 1486 257
 1442 305
 1399 354
 1356 403
 1324 460
 1296 519
 1292 584
 1317 645
 1351 700
 1396 748
 1445 790
 1487 840
 1535 884
 1577 934
 1625 978
 1668 1027
 1726 1057
 1782 1091
 1842 1117
 1871 1058
 1879 994
 1897 931
 1887 995
 1866 1057
 1847 1120
 1831 1183
 1800 1240
 1779 1302
 1762 1365
 1821 1339
 1882 1314
 1861 1252
 1859 1187
 1835 1126
 1820 1062
 1817 997
 1824 932
 1846 871
 1890 822
 1874 759
 1860 695
 1842 633
 1824 570
 1820 505
 1812 440
 1824 376
 1842 313
 1862 251
 1880 189
 1857 250
 1816 300
 1778 353
 1745 410
 1698 455
 1661 508
 1629 565
 1595 621
 1580 684
 1565 748
 1549 811
 1542 876
 1531 940
 1526 1005
 1528 1070
 1530 1135
 1533 1200
 1523 1265
 1523 1330
 1529 1395
 1469 1370
 1406 1353
 1342 1337
 1284 1309
 1229 1274
 1169 1247
 1110 1221
 1054 1186
 995 1159
 939 1125
 902 1071
 850 1032
 814 977
 776 924
 730 878
 669 856
 608 832
 550 803
 495 768
 444 727
 386 697
 329 665
 271 636
 215 602
 160 567
 109 527
 171 546
 236 553
 301 561
 364 576
 429 576
 495 575
 558 562
 623 552
 686 536
 746 510
 798 471
 861 453
 925 441
 990 445
 1054 460
 1119 462
 1181 482
 1243 501
 1302 530
 1367 535
 1431 527
 1496 516
 1559 501
 1624 501
 1690 501
 1754 494
 1819 486
 1884 484
 1857 424
 1827 366
 1785 317
 1759 257
 1754 192
 1761 127
 1697 118
 1633 104
 1568 110
 1503 110
 1438 114
 1474 168
 1501 228
 1545 276
 1584 328
 1602 391
 1639 444
 1661 506
 1688 565
 1716 624
 1749 680
 1789 732
 1823 787
 1855 844
 1892 898
 1828 888
 1763 884
 1699 871
 1635 885
 1571 897
 1506 902
 1442 889
 1378 880
 1313 874
 1247 875
 1183 887
 1120 901
 1056 917
 995 939
 933 958
 869 973
 806 990
 744 1010
 681 1025
 616 1033
 551 1027
 489 1008
 429 982
 369 955
 304 952
 239 950
 176 934
 112 949
 136 1010
 152 1073
 169 1136
 205 1190
 241 1245
 268 1304
 281 1368
 338 1337
 403 1326
 467 1316
 529 1295
 591 1275
 655 1263
 719 1253
 783 1239
 847 1227
 911 1214
 973 1194
 1038 1192
 1103 1199
 1164 1222
 1223 1251
 1287 1264
 1340 1301
 1400 1328
 1451 1368
 1408 1319
 1370 1266
 1323 1221
 1264 1194
 1200 1180
 1136 1193
 1071 1199
 1007 1211
 942 1220
 884 1249
 836 1294
 783 1331
 741 1381
 746 1316
 755 1251
 788 1195
 838 1154
 895 1121
 952 1091
 1017 1080
 1081 1070
 1145 1059
 1210 1054
 1276 1056
 1340 1045
 1403 1027
 1468 1024
 1532 1034
 1595 1053
 1659 1062
 1724 1060
 1787 1042
 1852 1034
 1818 979
 1791 919
 1766 859
 1743 798
 1745 733
 1746 667
 1732 604
 1705 544
 1696 480
 1691 415
 1684 350
 1681 285
 1659 223
 1625 168
 1575 125
 1548 184
 1527 246
 1526 311
 1516 376
 1498 438
 1492 503
 1480 568
 1485 633
 1486 698
 1480 763
 1491 827
 1502 891
 1540 944
 1591 985
 1637 1031
 1684 1076
 1731 1121
 1782 1162
 1843 1185
 1875 1242
 1858 1179
 1825 1123
 1787 1070
 1754 1013
 1721 957
 1672 914
 1620 874
 1576 827
 1530 780
 1490 729
 1449 678
 1412 625
 1387 564
 1377 500
 1365 436
 1352 372
 1317 317
 1296 255
 1274 194
 1256 131
 1193 114
 1236 164
 1273 217
 1310 271
 1342 328
 1379 382
 1416 435
 1445 494
 1471 553
 1510 606
 1539 664
 1554 728
 1563 792
 1576 856
 1608 913
 1661 951
 1704 1000
 1738 1056
 1763 1116
 1807 1164
 1852 1211
 1894 1261
 1869 1322
 1841 1380
 1797 1332
 1746 1291
 1706 1240
 1665 1189
 1620 1142
 1562 1112
 1506 1078
 1450 1045
 1386 1032
 1322 1019
 1257 1023
 1195 1044
 1133 1063
 1071 1081
 1013 1112
 953 1139
 897 1172
 837 1196
 782 1232
 727 1267
 683 1315
 638 1363
 574 1351
 513 1327
 462 1287
 412 1245
 371 1194
 334 1141
 285 1098
 230 1063
 182 1018
 132 976
 134 911
 137 845
 148 781
 155 716
 170 653
 187 590
 214 531
 245 473
 275 415
 300 355
 325 295
 337 231
 340 166
 324 102
 369 150
 413 198
 458 245
 506 289
 559 328
 612 365
 656 414
 700 462
 753 500
 806 537
 856 579
 907 619
 962 656
 1023 678
 1082 706
 1141 734
 1196 768
 1251 803
 1302 844
 1352 886
 1406 922
 1461 957
 1519 987
 1583 999
 1648 1008
 1713 1009
 1776 992
 1841 980
 1823 917
 1806 854
 1787 792
 1767 730
 1743 669
 1723 607
 1717 542
 1719 477
 1728 412
 1747 350
 1769 289
 1812 239
 1858 193
 1818 245
 1776 295
 1735 345
 1693 395
 1653 447
 1609 495
 1562 540
 1508 576
 1447 600
 1387 625
 1333 662
 1274 690
 1220 727
 1158 744
 1093 738
 1027 734
 964 748
 899 756
 834 756
 769 750
 704 742
 641 725
 577 711
 514 698
 451 680
 387 668
 323 652
 258 653
 195 670
 131 682
 146 746
 170 806
 195 866
 213 929
 237 990
 272 1045
 314 1095
 359 1142
 407 1186
 457 1228
 503 1274
 554 1315
 600 1361
 627 1301
 632 1236
 643 1172
 666 1111
 675 1046
 679 981
 707 923
 743 869
 777 812
 810 756
 832 695
 845 631
 856 567
 883 507
 891 443
 880 378
 864 315
 857 250
 876 188
 884 123
 949 117
 1011 136
 1076 139
 1140 126
 1204 112
 1268 100
 1332 111
 1397 117
 1460 134
 1525 134
 1590 129
 1655 123
 1721 121
 1786 117
 1851 116
 1805 163
 1764 213
 1722 263
 1674 307
 1646 366
 1631 430
 1608 491
 1568 543
 1522 588
 1463 617
 1402 640
 1337 647
 1276 668
 1212 684
 1149 701
 1095 738
 1046 780
 996 822
 950 868
 911 921
 864 966
 805 993
 744 1017
 686 1047
 636 1088
 599 1142
 567 1199
 553 1263
 557 1328
 552 1393
 585 1337
 607 1275
 627 1213
 642 1150
 655 1085
 670 1022
 682 958
 700 895
 726 836
 761 780
 794 724
 828 668
 861 612
 892 555
 945 517
 1002 485
 1064 466
 1128 453
 1187 426
 1241 389
 1290 346
 1336 300
 1387 259
 1445 230
 1504 201
 1565 178
 1629 166
 1694 171
 1759 180
 1824 175
 1888 166
 1863 226
 1823 277
 1770 316
 1724 362
 1663 385
 1605 416
 1542 431
 1477 426
 1413 439
 1350 456
 1287 471
 1223 486
 1164 513
 1102 535
 1044 565
 983 588
 919 597
 854 597
 790 611
 726 623
 662 609
 597 605
 534 588
 469 580
 405 571
 343 550
 281 530
 218 513
 155 496
 214 467
 270 435
 329 407
 390 382
 447 351
 499 312
 543 264
 587 215
 636 173
 685 130
 718 186
 766 231
 819 269
 870 309
 923 347
 985 367
 1049 381
 1112 396
 1171 425
 1221 467
 1280 494
 1341 517
 1405 531
 1465 556
 1519 593
 1573 629
 1631 658
 1691 684
 1751 710
 1809 741
 1864 775
 1822 726
 1777 679
 1720 645
 1670 604
 1618 565
 1574 517
 1526 472
 1482 425
 1440 375
 1401 323
 1375 263
 1352 202
 1324 143
 1261 158
 1198 176
 1135 192
 1076 220
 1024 260
 979 306
 924 342
 864 368
 811 405
 762 448
 722 500
 691 558
 656 613
 613 662
 561 701
 504 732
 444 758
 382 780
 318 791
 261 822
 197 834
 133 848
 164 790
 217 753
 262 706
 294 649
 307 585
 325 523
 357 466
 403 419
 439 365
 486 320
 536 278
 581 230
 626 184
 670 135
 625 182
 582 231
 544 285
 503 335
 478 395
 447 453
 402 500
 350 538
 304 585
 257 630
 207 672
 155 712
 106 755
 100 820
 138 767
 174 713
 199 652
 210 588
 215 523
 215 458
 231 394
 253 333
 293 282
 347 245
 399 206
 452 167
 490 114
 461 173
 433 231
 404 290
 371 346
 342 405
 304 457
 260 506
 204 538
 147 571
 119 512
 160 461
 202 411
 249 366
 288 313
 331 265
 372 214
 423 174
 477 136
 534 105
 505 163
 475 221
 448 281
 443 346
 426 409
 426 474
 436 538
 434 603
 421 667
 413 732
 423 796
 449 856
 487 909
 529 959
 590 982
 648 1013
 707 1039
 767 1064
 829 1085
 891 1107
 952 1129
 1011 1156
 1058 1202
 1117 1230
 1173 1263
 1235 1282
 1288 1320
 1341 1358
 1401 1385
 1418 1322
 1416 1256
 1412 1191
 1388 1131
 1370 1068
 1346 1007
 1336 943
 1315 881
 1295 819
 1268 760
 1232 705
 1205 646
 1197 581
 1200 516
 1223 455
 1250 396
 1283 339
 1319 285
 1350 228
 1389 176
 1424 121
 1474 163
 1527 201
 1588 225
 1646 256
 1708 275
 1773 278
 1836 295
 1867 237
 1900 181
 1835 187
 1770 178
 1705 181
 1640 178
 1575 185
 1510 183
 1445 183
 1380 183
 1319 160
 1256 141
 1200 108
 1244 156
 1285 207
 1337 246
 1390 284
 1444 319
 1492 364
 1535 413
 1595 439
 1651 472
 1708 505
 1762 541
 1820 571
 1867 616
 1879 552
 1868 488
 1849 425
 1836 362
 1823 298
 1808 234
 1786 173
 1760 113
 1748 177
 1719 236
 1680 288
 1640 340
 1596 387
 1550 434
 1516 489
 1491 550
 1468 611
 1446 672
 1424 733
 1386 786
 1348 839
 1307 890
 1269 943
 1229 995
 1185 1042
 1143 1093
 1108 1148
 1088 1210
 1078 1274
 1075 1339
 1058 1276
 1042 1213
 1037 1148
 1031 1083
 1017 1019
 1002 956
 1003 891
 989 827
 969 765
 933 711
 900 654
 884 591
 865 529
 858 464
 850 400
 848 334
 847 269
 833 205
 830 140
 777 102
 832 138
 884 177
 938 214
 998 240
 1058 265
 1121 282
 1185 295
 1249 308
 1314 314
 1376 333
 1441 330
 1506 323
 1570 308
 1633 291
 1694 270
 1758 258
 1823 246
 1885 227
 1820 231
 1757 215
 1695 192
 1637 164
 1580 132
 1523 100
 1465 131
 1411 168
 1352 196
 1289 212
 1225 223
 1162 238
 1096 235
 1031 234
 966 236
 901 229
 838 213
 780 184
 721 155
 668 117
 632 171
 612 233
 587 293
 548 345
 501 391
 450 431
 401 475
 367 530
 326 581
 288 634
 245 683
 205 734
 176 793
 139 847
 104 901
 169 895
 233 880
 298 878
 362 867
 421 840
 483 819
 548 827
 612 840
 675 857
 738 871
 800 892
 862 913
 926 927
 990 937
 1055 938
 1120 943
 1186 944
 1251 949
 1316 949
 1381 957
 1442 977
 1499 1009
 1537 1063
 1556 1125
 1577 1187
 1611 1242
 1646 1297
 1681 1352
 1634 1397
 1589 1349
 1532 1317
 1490 1267
 1442 1223
 1394 1179
 1340 1142
 1288 1102
 1240 1058
 1186 1021
 1125 999
 1064 977
 1003 954
 944 926
 894 884
 837 853
 775 832
 711 818
 658 780
 601 749
 544 716
 483 694
 424 666
 372 627
 328 578
 290 526
 247 476
 211 422
 169 372
 113 338
 170 306
 224 269
 272 225
 307 170
 328 108
 269 137
 212 169
 155 199
 102 238
 155 200
 202 155
 255 117
 320 115
 385 117
 450 125
 515 128
 580 121
 644 111
 709 103
 774 102
 839 113
 903 119
 969 122
 1033 110
 1097 101
 1163 102
 1227 110
 1263 164
 1309 210
 1352 259
 1394 309
 1423 368
 1467 415
 1515 459
 1555 511
 1594 563
 1634 615
 1675 666
 1693 728
 1714 790
 1729 854
 1748 916
 1751 981
 1757 1046
 1777 1108
 1783 1173
 1793 1237
 1804 1302
 1824 1364
 1833 1299
 1840 1234
 1851 1170
 1873 1109
 1880 1044
 1887 979
 1842 932
 1816 872
 1802 808
 1786 745
 1764 683
 1745 621
 1729 558
 1704 497
 1698 432
 1702 367
 1704 302
 1706 237
 1686 175
 1685 109
 1736 151
 1781 198
 1827 244
 1866 296
 1884 359
 1895 423
 1893 488
 1873 550
 1861 614
 1869 679
 1879 744
 1868 808
 1851 871
 1834 934
 1816 996
 1805 1061
 1803 1126
 1793 1190
 1784 1255
 1748 1310
 1706 1360
 1653 1397
 1656 1332
 1654 1266
 1672 1204
 1679 1139
 1688 1074
 1685 1009
 1666 947
 1646 885
 1633 821
 1617 758
 1595 696
 1593 631
 1601 566
 1596 501
 1597 436
 1594 371
 1590 306
 1602 242
 1587 178
 1576 114
 1561 177
 1538 238
 1521 301
 1495 361
 1487 426
 1495 491
 1513 553
 1518 618
 1511 683
 1511 748
 1527 812
 1536 876
 1528 941
 1533 1006
 1540 1071
 1540 1136
 1543 1201
 1549 1266
 1543 1331
 1530 1395
 1568 1342
 1599 1284
 1639 1233
 1682 1184
 1728 1137
 1765 1084
 1811 1037
 1851 986
 1878 1046
 1820 1016
 1765 981
 1703 961
 1641 941
 1580 918
 1516 905
 1455 881
 1398 850
 1346 810
 1299 765
 1251 721
 1194 691
 1135 663
 1071 648
 1008 631
 944 619
 880 608
 816 596
 761 561
 703 532
 651 492
 597 456
 536 432
 481 396
 419 379
 358 355
 294 343
 230 328
 178 290
 143 235
 114 176
 155 126
 192 179
 246 215
 302 250
 360 280
 419 306
 481 327
 543 348
 598 383
 659 406
 720 430
 780 455
 844 467
 903 496
 951 539
 994 588
 1039 635
 1092 673
 1142 716
 1186 764
 1230 812
 1284 849
 1325 899
 1377 938
 1427 980
 1479 1020
 1543 1030
 1607 1042
 1673 1043
 1737 1055
 1799 1074
 1864 1075
 1807 1043
 1751 1009
 1706 963
 1653 925
 1600 886
 1548 847
 1491 815
 1441 773
 1383 744
 1328 710
 1268 684
 1210 653
 1149 632
 1088 608
 1023 607
 960 623
 899 647
 837 668
 775 688
 713 708
 655 738
 600 772
 555 820
 522 876
 518 941
 511 1006
 503 1071
 492 1135
 495 1200
 495 1266
 490 1331
 484 1396
 460 1335
 455 1270
 433 1208
 409 1148
 408 1082
 408 1017
 409 952
 417 887
 432 824
 435 759
 441 694
 441 629
 424 566
 395 507
 366 449
 334 392
 292 343
 254 289
 209 242
 175 186
 150 126
 215 120
 280 117
 345 112
 410 111
 475 108
 532 140
 587 175
 642 210
 704 229
 769 224
 834 217
 890 183
 947 152
 994 107
 1045 148
 1103 177
 1153 219
 1203 261
 1261 291
 1317 324
 1376 353
 1436 377
 1498 397
 1563 392
 1624 369
 1678 333
 1735 301
 1792 268
 1850 239
 1864 302
 1873 367
 1870 432
 1869 497
 1854 561
 1837 624
 1808 682
 1786 743
 1770 807
 1750 869
 1717 925
 1682 980
 1638 1028
 1593 1076
 1566 1135
 1552 1198
 1530 1260
 1501 1318
 1472 1376
 1489 1314
 1498 1249
 1506 1184
 1500 1119
 1498 1054
 1479 992
 1464 928
 1464 863
 1473 799
 1475 733
 1468 669
 1457 604
 1476 542
 1513 488
 1553 437
 1595 387
 1641 340
 1699 312
 1760 288
 1819 260
 1869 217
 1805 232
 1741 243
 1675 244
 1613 264
 1549 273
 1483 277
 1420 261
 1356 251
 1291 249
 1233 219
 1177 186
 1123 148
 1076 103
 1136 128
 1192 162
 1255 178
 1317 199
 1377 225
 1442 230
 1507 232
 1571 221
 1636 215
 1702 213
 1767 210
 1832 204
 1895 189
 1837 218
 1782 254
 1745 308
 1721 368
 1702 431
 1699 496
 1689 560
 1686 625
 1677 690
 1676 755
 1678 820
 1682 885
 1682 950
 1685 1016
 1676 1080
 1696 1142
 1711 1206
 1704 1271
 1694 1335
 1683 1399
 1727 1352
 1773 1305
 1825 1266
 1884 1238
 1875 1174
 1856 1112
 1835 1050
 1811 989
 1790 927
 1792 862
 1796 797
 1789 732
 1779 668
 1753 608
 1723 550
 1686 496
 1670 433
 1649 371
 1632 308
 1627 243
 1613 180
 1594 117
 1639 164
 1680 215
 1714 271
 1751 324
 1796 372
 1839 421
 1880 471
 1885 536
 1891 601
 1896 666
 1875 728
 1840 783
 1806 839
 1776 897
 1758 959
 1736 1021
 1724 1085
 1714 1149
 1737 1211
 1751 1274
 1767 1337
 1816 1381
 1751 1392
 1686 1397
 1623 1381
 1561 1362
 1497 1351
 1436 1326
 1371 1327
 1306 1324
 1240 1325
 1175 1321
 1110 1316
 1045 1315
 983 1335
 922 1358
 862 1384
 798 1374
 736 1354
 673 1335
 610 1318
 546 1305
 490 1272
 428 1252
 370 1221
 310 1197
 251 1168
 193 1139
 136 1107
 186 1066
 230 1017
 265 963
 304 910
 330 850
 364 795
 386 733
 405 671
 414 606
 422 542
 417 477
 410 412
 430 350
 443 286
 449 221
 489 170
 535 123
 598 138
 663 150
 724 173
 784 196
 845 220
 903 251
 963 276
 1019 310
 1073 345
 1123 387
 1170 433
 1223 471
 1276 508
 1333 540
 1397 552
 1454 584
 1506 623
 1559 661
 1616 693
 1676 720
 1734 748
 1796 769
 1860 784
 1856 849
 1870 912
 1885 976
 1844 925
 1793 884
 1755 831
 1721 776
 1675 729
 1632 680
 1585 635
 1547 582
 1502 534
 1447 501
 1399 456
 1344 421
 1288 387
 1229 359
 1171 330
 1106 329
 1044 348
 980 361
 915 372
 851 383
 792 410
 730 430
 678 470
 632 517
 586 563
 538 607
 492 652
 444 697
 389 732
 344 779
 307 833
 262 880
 215 926
 177 979
 139 1031
 115 1092
 132 1029
 141 965
 154 901
 184 843
 213 784
 245 728
 284 675
 330 629
 388 599
 450 580
 515 580
 580 589
 644 604
 708 613
 771 630
 836 625
 901 630
 964 614
 1025 589
 1085 563
 1139 528
 1180 476
 1227 431
 1283 397
 1329 351
 1381 312
 1444 297
 1510 298
 1574 287
 1639 286
 1703 301
 1765 320
 1828 336
 1893 330
 1829 340
 1770 369
 1708 390
 1645 404
 1581 418
 1517 430
 1452 437
 1390 456
 1326 467
 1261 461
 1196 465
 1131 460
 1065 459
 1000 461
 935 467
 871 481
 808 495
 749 524
 694 558
 638 592
 575 609
 513 631
 457 663
 404 701
 365 753
 333 810
 309 871
 281 930
 247 985
 215 1042
 169 1088
 150 1151
 151 1216
 148 1281
 135 1345
 165 1287
 204 1235
 235 1177
 247 1113
 258 1049
 274 986
 288 922
 280 858
 272 793
 281 728
 265 665
 239 605
 228 541
 197 483
 171 423
 140 366
 112 307
 104 242
 105 177
 104 112
 139 167
 175 221
 200 281
 219 344
 243 405
 280 458
 321 508
 371 551
 426 585
 471 633
 515 681
 573 711
 637 721
 699 740
 761 762
 820 789
 869 832
 922 871
 976 907
 1036 934
 1100 947
 1165 949
 1230 955
 1293 973
 1357 984
 1422 978
 1487 981
 1549 961
 1608 933
 1658 891
 1703 844
 1745 794
 1800 759
 1859 732
 1794 731
 1731 747
 1668 765
 1605 781
 1545 806
 1486 834
 1424 855
 1369 890
 1308 914
 1243 917
 1179 927
 1114 935
 1049 943
 985 953
 924 975
 864 1002
 802 1022
 738 1034
 677 1055
 615 1076
 551 1091
 486 1090
 421 1084
 358 1100
 297 1124
 240 1156
 185 1191
 134 1231
 190 1198
 248 1169
 305 1137
 366 1114
 424 1084
 479 1049
 534 1013
 578 966
 619 915
 651 858
 674 797
 692 734
 691 669
 685 604
 679 539
 690 475
 716 415
 740 354
 761 293
 795 237
 831 183
 856 123
 804 162
 764 214
 726 267
 675 307
 618 340
 556 360
 494 379
 431 398
 367 405
 302 415
 237 422
 174 438
 120 474
 163 425
 207 377
 239 320
 279 268
 319 217
 352 161
 380 102
 350 160
 305 207
 270 262
 230 314
 180 356
 125 390
 113 454
 102 519
 162 544
 222 570
 269 615
 310 666
 334 726
 350 790
 382 846
 418 900
 452 956
 493 1007
 534 1057
 585 1098
 633 1142
 670 1196
 717 1241
 761 1290
 799 1342
 838 1395
 794 1347
 738 1313
 675 1298
 621 1262
 563 1231
 505 1201
 446 1173
 383 1156
 328 1122
 279 1079
 227 1039
 180 994
 139 943
 190 902
 243 865
 303 838
 362 812
 425 792
 479 757
 541 735
 591 693
 627 639
 663 585
 691 526
 720 467
 758 414
 802 367
 851 323
 904 286
 963 257
 1025 236
 1089 224
 1154 223
 1219 230
 1282 244
 1346 261
 1409 277
 1472 294
 1535 309
 1587 348
 1617 406
 1654 460
 1683 518
 1717 574
 1753 629
 1781 687
 1801 749
 1807 814
 1833 874
 1876 923
 1816 949
 1754 968
 1688 968
 1623 974
 1559 985
 1495 998
 1432 1015
 1367 1013
 1303 1023
 1241 1046
 1179 1066
 1117 1086
 1058 1114
 999 1142
 935 1154
 871 1167
 806 1162
 741 1162
 678 1146
 615 1129
 558 1097
 505 1059
 465 1007
 423 958
 386 904
 358 845
 335 784
 297 731
 252 684
 217 629
 170 584
 105 575
 130 636
 145 699
 159 763
 169 827
 176 892
 205 951
 243 1004
 288 1051
 331 1100
 371 1151
 406 1207
 453 1252
 490 1305
 524 1361
 462 1339
 398 1326
 343 1291
 311 1234
 266 1187
 224 1137
 180 1089
 138 1039
 179 1090
 215 1145
 253 1198
 293 1249
 347 1286
 398 1326
 451 1365
 507 1399
 499 1334
 487 1270
 473 1206
 447 1147
 426 1085
 411 1021
 397 957
 393 892
 388 827
 395 762
 411 699
 445 643
 478 587
 502 526
 509 462
 511 396
 519 332
 530 267
 524 202
 534 138
 594 112
 601 177
 611 241
 627 304
 628 370
 648 432
 678 490
 700 551
 715 615
 724 679
 745 741
 765 803
 802 857
 843 908
 872 966
 899 1026
 935 1080
 972 1134
 1011 1185
 1058 1231
 1093 1286
 1125 1343
 1172 1388
 1236 1374
 1301 1382
 1366 1382
 1430 1396
 1444 1332
 1440 1267
 1431 1202
 1420 1138
 1393 1078
 1367 1019
 1339 960
 1299 908
 1254 861
 1200 824
 1152 780
 1112 728
 1079 672
 1059 610
 1051 545
 1032 483
 1001 426
 965 371
 960 306
 968 241
 982 178
 1014 121
 962 161
 913 204
 861 243
 805 276
 750 312
 697 349
 642 384
 590 424
 547 473
 509 526
 463 572
 398 583
 337 605
 272 609
 207 606
 142 597
 119 536
 184 528
 249 533
 313 546
 377 557
 439 577
 499 603
 556 635
 620 644
 684 657
 741 689
 799 718
 862 736
 922 762
 985 779
 1045 805
 1109 816
 1174 825
 1238 834
 1303 829
 1369 829
 1434 831
 1496 852
 1560 864
 1624 854
 1689 846
 1754 838
 1819 839
 1884 845
 1861 784
 1839 722
 1825 659
 1829 594
 1825 528
 1810 465
 1789 403
 1784 338
 1792 273
 1788 208
 1778 144
 1842 132
 1829 196
 1811 259
 1804 324
 1786 386
 1761 446
 1734 506
 1692 556
 1658 612
 1637 673
 1620 736
 1615 801
 1611 866
 1606 931
 1596 996
 1577 1058
 1563 1122
 1560 1187
 1555 1252
 1539 1315
 1529 1380
 1594 1375
 1656 1354
 1719 1339
 1780 1315
 1838 1286
 1899 1262
 1864 1207
 1827 1153
 1782 1106
 1732 1064
 1679 1025
 1629 983
 1574 948
 1520 912
 1476 864
 1422 827
 1365 796
 1305 771
 1241 759
 1176 755
 1110 758
 1047 741
 984 728
 920 712
 857 697
 795 677
 740 642
 679 619
 619 592
 562 561
 502 535
 445 504
 389 470
 345 422
 297 378
 245 338
 213 281
 176 228
 160 164
 196 219
 223 278
 235 342
 248 406
 270 467
 289 530
 304 593
 296 658
 306 722
 320 786
 324 851
 321 916
 316 981
 293 1042
 278 1106
 257 1167
 237 1230
 211 1289
 195 1353
 241 1306
 288 1260
 337 1217
 382 1170
 433 1130
 489 1096
 517 1037
 544 978
 575 920
 600 860
 613 796
 624 732
 655 674
 695 623
 739 574
 792 537
 848 503
 901 464
 943 415
 994 374
 1040 328
 1083 279
 1131 234
 1174 186
 1226 147
 1287 123
 1341 161
 1386 208
 1430 256
 1470 307
 1521 347
 1571 390
 1625 426
 1665 478
 1696 535
 1737 585
 1789 625
 1833 673
 1879 720
 1898 657
 1837 635
 1772 625
 1711 603
 1654 571
 1605 529
 1571 473
 1539 416
 1494 369
 1452 319
 1429 258
 1432 193
 1439 128
 1375 116
 1309 116
 1245 108
 1232 172
 1221 236
 1205 299
 1195 364
 1158 417
 1128 475
 1102 535
 1060 585
 1023 639
 1006 702
 974 759
 936 812
 887 854
 841 901
 793 945
 756 999
 711 1045
 660 1087
 616 1135
 582 1190
 539 1240
 506 1296
 473 1352
 535 1374
 599 1388
 552 1342
 507 1295
 475 1238
 436 1186
 401 1131
 370 1073
 335 1018
 284 979
 229 943
 173 910
 118 874
 173 839
 237 823
 288 783
 331 734
 370 682
 404 626
 432 567
 468 513
 522 476
 579 445
 635 411
 686 371
 745 342
 800 307
 851 266
 899 222
 948 180
 991 130
 1056 133
 1121 132
 1186 132
 1248 111
 1312 100
 1374 122
 1428 159
 1485 191
 1542 222
 1598 256
 1638 307
 1676 360
 1710 416
 1760 458
 1809 500
 1858 543
 1899 594
 1834 593
 1769 588
 1704 596
 1641 611
 1578 630
 1514 640
 1458 673
 1394 687
 1339 722
 1285 759
 1237 803
 1192 850
 1144 894
 1090 931
 1042 974
 996 1021
 938 1051
 897 1102
 845 1141
 810 1196
 766 1245
 722 1292
 692 1350
 751 1376
 815 1390
 790 1330
 756 1274
 715 1223
 682 1167
 642 1115
 601 1065
 560 1014
 519 963
 482 910
 445 856
 400 809
 368 752
 325 702
 278 658
 224 621
 187 567
 151 513
 106 466
 115 530
 121 595
 126 660
 130 725
 133 790
 128 855
 111 919
 114 984
 117 1049
 115 1114
 131 1177
 141 1242
 168 1301
 209 1352
 261 1391
 245 1328
 234 1263
 212 1202
 187 1142
 167 1080
 160 1015
 159 949
 157 884
 147 820
 116 762
 180 777
 244 788
 307 804
 363 837
 421 867
 481 892
 538 924
 597 951
 653 985
 712 1014
 762 1056
 808 1102
 854 1148
 886 1205
 915 1263
 935 1325
 946 1390
 990 1341
 1028 1289
 1058 1231
 1096 1178
 1116 1116
 1142 1056
 1174 999
 1209 944
 1241 887
 1280 835
 1318 782
 1360 732
 1401 681
 1440 629
 1476 575
 1510 519
 1548 466
 1588 415
 1635 369
 1690 334
 1742 295
 1795 258
 1851 224
 1896 177
 1831 182
 1768 197
 1703 191
 1641 212
 1580 234
 1515 240
 1454 265
 1396 295
 1339 326
 1284 360
 1223 384
 1166 417
 1109 448
 1051 478
 993 507
 928 505
 863 509
 799 497
 734 486
 672 465
 622 424
 570 384
 522 341
 464 310
 420 262
 395 202
 353 152
 416 136
 481 134
 546 140
 611 144
 676 152
 741 149
 806 149
 871 157
 936 161
 1001 165
 1067 168
 1132 165
 1197 168
 1261 155
 1319 125
 1255 113
 1190 113
 1125 119
 1060 110
 995 114
 930 124
 869 146
 811 176
 752 204
 687 210
 622 215
 559 233
 498 254
 436 274
 373 293
 316 324
 264 364
 213 404
 159 440
 109 483
 151 533
 167 597
 180 661
 184 726
 191 790
 205 854
 225 916
 237 980
 256 1043
 277 1104
 281 1169
 277 1234
 274 1299
 287 1364
 238 1320
 186 1281
 144 1230
 122 1169
 103 1107
 151 1063
 180 1004
 195 941
 204 877
 210 812
 226 748
 254 689
 279 629
 288 565
 305 502
 338 446
 370 389
 401 331
 435 276
 484 232
 533 189
 587 153
 631 104
 674 153
 716 203
 756 254
 797 305
 844 350
 891 396
 935 443
 965 501
 1003 554
 1044 605
 1076 662
 1108 719
 1150 769
 1176 829
 1186 893
 1214 952
 1243 1010
 1290 1056
 1319 1114
 1358 1166
 1395 1220
 1431 1275
 1456 1335
 1491 1390
 1456 1335
 1416 1284
 1359 1251
 1295 1238
 1231 1226
 1172 1199
 1122 1157
 1074 1113
 1034 1061
 992 1012
 943 969
 899 920
 858 869
 813 822
 766 777
 714 738
 681 682
 639 632
 596 583
 554 533
 514 481
 473 431
 424 388
 386 335
 338 290
 280 261
 216 250
 156 224
 221 225
 285 211
 344 183
 409 180
 474 174
 536 154
 600 142
 665 147
 729 133
 794 135
 860 138
 925 144
 990 149
 1055 153
 1117 171
 1181 183
 1241 209
 1301 236
 1362 257
 1421 286
 1480 313
 1542 333
 1607 341
 1669 361
 1728 389
 1781 427
 1824 476
 1863 529
 1896 585
 1900 650
 1884 713
 1893 778
 1885 842
 1889 908
 1887 973
 1893 1038
 1877 1101
 1868 1166
 1860 1230
 1850 1295
 1863 1359
 1811 1319
 1770 1268
 1723 1223
 1686 1170
 1651 1115
 1625 1055
 1614 990
 1604 926
 1607 861
 1616 796
 1631 733
 1648 670
 1663 606
 1667 541
 1678 477
 1701 416
 1720 353
 1707 290
 1684 228
 1644 177
 1603 127
 1611 191
 1609 256
 1602 321
 1590 385
 1586 450
 1585 516
 1580 581
 1576 646
 1574 711
 1579 776
 1568 840
 1552 904
 1541 968
 1529 1032
 1494 1087
 1471 1148
 1446 1208
 1432 1272
 1433 1337
 1409 1276
 1385 1215
 1363 1154
 1338 1094
 1313 1034
 1293 972
 1281 907
 1249 851
 1218 793
 1181 740
 1148 683
 1131 620
 1113 557
 1093 495
 1079 432
 1048 375
 1020 316
 1000 253
 973 194
 941 137
 1000 109
 974 169
 956 231
 948 296
 940 361
 934 426
 912 487
 890 548
 867 609
 851 673
 832 735
 810 796
 805 861
 808 927
 798 991
 810 1055
 828 1118
 854 1177
 872 1240
 903 1298
 928 1358
 992 1369
 1053 1392
 988 1389
 924 1400
 869 1364
 814 1329
 750 1315
 691 1287
 633 1258
 570 1243
 506 1255
 443 1272
 378 1279
 314 1292
 249 1298
 185 1284
 122 1268
 177 1233
 236 1206
 300 1193
 364 1178
 424 1152
 486 1135
 539 1096
 586 1051
 639 1012
 691 974
 754 957
 817 938
 882 938
 947 934
 1011 925
 1077 929
 1142 927
 1203 905
 1268 914
 1327 942
 1380 979
 1431 1021
 1490 1048
 1550 1075
 1607 1106
 1669 1126
 1728 1155
 1792 1165
 1856 1176
 1825 1119
 1797 1060
 1757 1008
 1720 955
 1680 903
 1639 853
 1590 809
 1549 759
 1521 700
 1498 639
 1504 574
 1504 509
 1510 444
 1506 379
 1493 315
 1469 254
 1430 202
 1387 153
 1336 113
 1270 110
 1205 107
 1140 107
 1076 121
 1011 128
 947 121
 882 127
 817 122
 752 120
 688 107
 741 145
 798 175
 858 202
 912 239
 972 264
 1033 285
 1091 316
 1149 346
 1209 372
 1260 411
 1311 453
 1364 491
 1390 551
 1409 613
 1410 678
 1416 743
 1422 808
 1433 872
 1438 937
 1451 1001
 1472 1063
 1501 1121
 1533 1178
 1582 1221
 1633 1262
 1677 1310
 1716 1362
 1723 1297
 1731 1233
 1744 1169
 1765 1107
 1784 1044
 1815 987
 1842 928
 1875 872
 1881 807
 1870 742
 1857 679
 1856 613
 1852 548
 1839 484
 1814 424
 1782 368
 1757 307
 1745 243
 1738 178
 1744 113
 1708 168
 1662 214
 1622 265
 1581 316
 1542 368
 1502 420
 1454 464
 1406 508
 1370 562
 1336 618
 1287 661
 1225 680
 1171 717
 1112 746
 1052 769
 986 774
 921 771
 857 783
 792 790
 732 815
 671 839
 611 864
 546 865
 481 861
 417 847
 355 828
 292 811
 227 801
 163 794
 213 753
 258 705
 295 652
 322 592
 347 532
 381 476
 416 422
 444 362
 480 308
 504 247
 527 186
 545 124
 525 186
 519 251
 511 316
 488 376
 478 441
 441 495
 400 546
 370 604
 360 668
 346 732
 364 794
 385 856
 405 918
 419 982
 431 1046
 451 1108
 476 1168
 513 1222
 536 1283
 568 1340
 565 1275
 581 1212
 602 1150
 616 1086
 618 1021
 628 956
 655 897
 662 832
 676 769
 702 709
 720 646
 737 583
 756 521
 760 456
 761 390
 762 325
 762 260
 761 195
 765 130
 767 195
 756 259
 741 323
 728 387
 708 449
 690 511
 655 566
 627 625
 610 688
 584 748
 563 810
 527 864
 484 913
 446 966
 416 1024
 408 1089
 410 1154
 425 1217
 452 1277
 476 1337
 524 1381
 461 1365
 402 1338
 339 1319
 277 1299
 216 1278
 163 1239
 123 1188
 132 1252
 143 1317
 175 1373
 236 1351
 295 1322
 344 1279
 376 1223
 409 1167
 458 1123
 514 1090
 573 1061
 630 1031
 678 987
 713 932
 751 878
 792 828
 818 768
 847 710
 879 653
 906 593
 941 538
 989 494
 1046 464
 1107 440
 1168 416
 1228 391
 1288 364
 1346 336
 1410 321
 1467 289
 1510 240
 1542 184
 1574 127
 1585 191
 1606 253
 1629 314
 1642 378
 1649 443
 1656 508
 1643 572
 1621 633
 1613 698
 1642 756
 1675 813
 1711 867
 1744 923
 1794 966
 1831 1019
 1880 1062
 1899 1124
 1874 1064
 1854 1002
 1835 939
 1818 876
 1792 817
 1764 758
 1760 693
 1771 628
 1784 564
 1808 504
 1831 443
 1859 384
 1890 327
 1858 383
 1822 438
 1781 489
 1732 531
 1687 579
 1634 616
 1585 659
 1523 679
 1465 710
 1413 750
 1356 781
 1295 804
 1241 840
 1177 855
 1113 869
 1048 865
 983 861
 920 845
 856 835
 790 839
 725 836
 660 835
 595 829
 532 847
 479 885
 428 925
 381 970
 347 1026
 322 1086
 285 1140
 252 1196
 218 1252
 186 1309
 165 1370
 124 1320
 106 1257
 104 1192
 167 1208
 229 1228
 287 1258
 351 1268
 415 1281
 474 1309
 522 1353
 572 1395
 607 1340
 640 1284
 685 1236
 732 1191
 767 1136
 800 1080
 838 1027
 873 972
 907 916
 950 867
 986 813
 1007 751
 1030 690
 1065 635
 1100 580
 1128 521
 1164 467
 1203 414
 1228 354
 1262 298
 1282 236
 1288 171
 1292 106
 1302 171
 1285 234
 1280 299
 1274 364
 1271 429
 1268 494
 1272 559
 1306 615
 1344 668
 1398 704
 1452 741
 1504 780
 1565 804
 1611 849
 1660 892
 1714 929
 1769 965
 1826 996
 1882 1029
 1828 994
 1779 950
 1739 898
 1696 849
 1658 796
 1610 752
 1566 704
 1521 657
 1478 608
 1418 582
 1354 567
 1291 551
 1228 533
 1166 514
 1102 503
 1037 492
 976 470
 915 447
 855 422
 791 410
 726 415
 661 412
 597 427
 533 436
 467 432
 402 432
 339 446
 277 466
 214 485
 152 505
 139 569
 117 630
 179 610
 243 595
 304 573
 368 560
 433 552
 492 524
 549 494
 609 468
 668 439
 730 420
 787 388
 840 350
 883 301
 913 243
 940 183
 964 123
 946 186
 910 239
 851 268
 790 292
 731 318
 673 348
 615 378
 564 419
 506 448
 450 481
 390 507
 328 529
 263 536
 198 542
 134 553
 109 493
 110 427
 117 363
 133 300
 142 235
 169 176
 193 115
 132 139
 197 145
 261 156
 326 166
 391 170
 455 180
 520 174
 583 156
 646 140
 711 139
 776 134
 840 118
 857 181
 879 242
 900 304
 937 358
 965 416
 994 475
 1030 529
 1061 586
 1093 643
 1119 703
 1164 750
 1213 793
 1250 847
 1286 901
 1331 949
 1375 997
 1408 1053
 1443 1108
 1488 1155
 1533 1202
 1581 1246
 1627 1293
 1674 1338
 1703 1396
 1642 1373
 1579 1357
 1514 1364
 1455 1390
 1396 1362
 1346 1320
 1290 1287
 1243 1241
 1195 1197
 1170 1137
 1157 1073
 1142 1009
 1122 947
 1101 886
 1081 823
 1076 758
 1090 695
 1126 640
 1159 583
 1199 533
 1241 482
 1284 433
 1327 384
 1368 334
 1400 277
 1428 218
 1454 158
 1409 205
 1370 257
 1316 295
 1259 326
 1212 371
 1162 413
 1129 469
 1099 527
 1069 585
 1036 642
 1014 703
 982 760
 947 815
 909 868
 886 929
 863 990
 846 1053
 816 1111
 772 1159
 729 1208
 686 1257
 656 1315
 618 1368
 683 1365
 747 1357
 807 1331
 866 1302
 928 1284
 982 1246
 1043 1223
 1102 1197
 1161 1169
 1208 1124
 1257 1080
 1296 1028
 1342 982
 1406 969
 1471 965
 1537 964
 1602 969
 1666 975
 1731 981
 1796 986
 1861 998
 1880 1060
 1876 1125
 1886 1189
 1878 1254
 1886 1319
 1885 1384
 1822 1367
 1760 1346
 1702 1317
 1645 1284
 1599 1239
 1559 1187
 1521 1134
 1488 1078
 1465 1017
 1435 959
 1391 911
 1346 863
 1293 825
 1239 788
 1188 747
 1141 702
 1094 657
 1060 602
 1021 549
 977 502
 941 447
 896 399
 850 353
 803 308
 759 260
 714 213
 665 170
 619 124
 578 175
 538 227
 489 270
 444 316
 384 343
 327 374
 276 415
 226 457
 175 497
 141 553
 115 612
 129 676
 137 741
 138 806
 128 870
 116 934
 105 999
 104 1064
 123 1126
 156 1183
 178 1244
 196 1307
 213 1370
 265 1330
 318 1292
 371 1254
 408 1201
 457 1157
 503 1111
 534 1054
 566 997
 592 937
 607 874
 608 809
 622 745
 646 684
 681 629
 716 574
 755 521
 791 468
 835 419
 885 378
 939 341
 992 303
 1044 264
 1072 205
 1082 140
 1104 201
 1146 252
 1187 302
 1223 356
 1246 418
 1292 463
 1348 497
 1394 543
 1422 602
 1442 664
 1466 725
 1475 789
 1487 854
 1511 914
 1547 969
 1563 1032
 1588 1092
 1609 1154
 1642 1210
 1674 1267
 1705 1324
 1739 1380
 1778 1328
 1815 1274
 1836 1213
 1860 1152
 1877 1089
 1889 1025
 1888 960
 1900 1024
 1856 1072
 1824 1129
 1791 1185
 1756 1241
 1729 1300
 1710 1362
 1769 1391
 1721 1346
 1666 1311
 1620 1264
 1572 1221
 1532 1169
 1501 1112
 1467 1056
 1423 1008
 1390 952
 1360 894
 1318 844
 1271 799
 1209 779
 1144 768
 1079 769
 1018 746
 955 730
 896 703
 841 668
 783 638
 722 615
 660 594
 601 565
 543 535
 480 519
 420 493
 366 458
 306 432
 241 420
 180 398
 118 379
 180 359
 242 339
 306 324
 370 314
 430 289
 488 259
 548 234
 611 217
 676 208
 737 186
 796 159
 852 125
 869 188
 901 244
 919 307
 938 370
 946 434
 929 497
 917 561
 906 625
 875 683
 865 747
 850 811
 840 875
 821 937
 808 1001
 791 1064
 782 1129
 767 1193
 754 1257
 741 1320
 702 1373
 637 1376
 572 1372
 507 1375
 442 1380
 378 1392
 313 1400
 248 1392
 183 1387
 118 1382
 181 1365
 245 1377
 310 1381
 375 1391
 440 1388
 505 1392
 570 1397
 595 1337
 622 1278
 657 1223
 673 1160
 676 1094
 661 1031
 627 975
 595 918
 577 855
 539 802
 490 760
 442 716
 394 672
 357 618
 339 555
 319 493
 293 433
 265 374
 243 313
 218 253
 193 192
 161 136
 108 174
 126 237
 134 302
 157 363
 179 424
 218 477
 257 529
 274 592
 301 651
 329 710
 348 773
 369 834
 396 893
 409 957
 420 1022
 403 1085
 367 1139
 340 1199
 308 1255
 261 1301
 212 1344
 163 1387
 170 1322
 170 1257
 164 1192
 157 1127
 142 1064
 127 1000
 131 935
 134 870
 148 807
 139 742
 112 682
 150 629
 179 570
 217 518
 248 460
 277 402
 312 347
 346 291
 369 230
 408 178
 465 146
 524 119
 471 157
 430 208
 396 264
 369 323
 346 384
 333 448
 323 512
 324 578
 351 637
 392 687
 446 725
 489 773
 531 823
 569 877
 593 937
 609 1000
 622 1064
 636 1128
 658 1189
 675 1252
 694 1315
 721 1374
 785 1360
 850 1352
 915 1350
 980 1347
 1045 1341
 1110 1345
 1175 1355
 1240 1352
 1305 1354
 1365 1379
 1431 1378
 1496 1377
 1558 1395
 1571 1331
 1577 1266
 1576 1201
 1579 1136
 1570 1071
 1561 1006
 1554 941
 1519 887
 1478 836
 1445 779
 1412 723
 1380 666
 1366 603
 1357 538
 1363 473
 1378 409
 1393 346
 1395 281
 1384 217
 1389 152
 1361 210
 1327 266
 1293 322
 1263 380
 1218 427
 1190 486
 1168 547
 1157 611
 1140 675
 1103 728
 1050 767
 999 807
 952 852
 896 886
 852 934
 809 983
 768 1034
 729 1086
 704 1146
 689 1210
 665 1270
 645 1332
 631 1396
 573 1366
 514 1339
 455 1311
 400 1276
 363 1222
 312 1181
 254 1151
 218 1097
 208 1033
 189 970
 177 906
 154 845
 147 780
 144 715
 148 650
 155 585
 169 521
 185 458
 204 396
 240 341
 258 279
 266 214
 292 154
 335 203
 353 265
 356 331
 360 396
 361 461
 385 522
 399 585
 408 650
 424 713
 434 778
 434 843
 459 903
 484 964
 505 1025
 515 1090
 523 1155
 542 1217
 566 1278
 587 1339
 613 1399
 675 1380
 741 1383
 804 1399
 866 1378
 929 1362
 993 1376
 1050 1344
 1113 1328
 1173 1302
 1233 1277
 1295 1256
 1352 1225
 1413 1201
 1468 1167
 1518 1124
 1568 1083
 1625 1052
 1685 1024
 1734 982
 1779 934
 1828 892
 1880 852
 1848 909
 1816 966
 1758 996
 1700 1026
 1640 1051
 1583 1082
 1522 1105
 1463 1133
 1400 1152
 1338 1172
 1280 1202
 1229 1242
 1169 1269
 1110 1297
 1047 1311
 982 1304
 917 1295
 853 1287
 789 1271
 725 1258
 660 1251
 596 1239
 533 1252
 474 1280
 412 1301
 349 1317
 284 1313
 220 1303
 155 1290
 115 1341
 148 1397
 193 1349
 244 1309
 298 1273
 353 1238
 400 1193
 450 1151
 492 1101
 546 1065
 601 1029
 659 1000
 721 978
 780 951
 842 931
 905 913
 963 884
 1016 845
 1069 807
 1108 755
 1147 703
 1185 650
 1230 603
 1274 554
 1317 505
 1358 454
 1406 410
 1464 382
 1526 361
 1591 351
 1656 351
 1721 344
 1786 344
 1850 355
 1898 310
 1861 364
 1831 422
 1794 476
 1757 529
 1714 578
 1662 618
 1609 656
 1553 689
 1505 733
 1450 767
 1400 809
 1352 854
 1294 884
 1234 910
 1184 951
 1124 978
 1064 1002
 1004 1028
 941 1046
 878 1063
 813 1065
 748 1064
 683 1054
 619 1061
 554 1066
 490 1082
 429 1103
 367 1125
 312 1160
 261 1200
 201 1225
 137 1242
 191 1204
 241 1163
 295 1126
 358 1110
 413 1073
 465 1035
 510 988
 557 943
 602 895
 658 861
 711 823
 768 792
 825 760
 879 724
 937 694
 992 659
 1052 633
 1114 612
 1176 594
 1240 581
 1305 585
 1371 582
 1433 563
 1494 539
 1550 507
 1609 478
 1674 477
 1738 465
 1803 457
 1867 445
 1827 496
 1778 540
 1741 593
 1716 653
 1679 707
 1638 758
 1591 803
 1542 846
 1499 896
 1465 951
 1436 1009
 1391 1057
 1337 1094
 1284 1131
 1223 1154
 1165 1184
 1115 1225
 1072 1274
 1023 1317
 978 1365
 933 1318
 889 1271
 859 1213
 829 1154
 817 1090
 820 1025
 831 961
 860 902
 909 859
 946 806
 989 757
 1024 702
 1043 639
 1083 588
 1125 538
 1170 491
 1228 461
 1290 440
 1354 427
 1418 413
 1483 414
 1548 417
 1613 418
 1678 409
 1743 404
 1807 415
 1872 413
 1809 429
 1750 458
 1687 474
 1624 489
 1560 504
 1495 511
 1431 519
 1369 541
 1312 573
 1250 594
 1188 614
 1124 624
 1059 631
 996 614
 931 614
 866 609
 801 620
 736 614
 672 602
 607 601
 543 591
 478 580
 413 584
 348 580
 283 576
 219 587
 162 619
 112 660
 104 725
 120 662
 134 598
 165 541
 209 493
 233 432
 260 373
 293 316
 316 255
 341 195
 377 141
 441 125
 503 107
 565 129
 626 152
 685 179
 748 195
 811 212
 869 242
 928 270
 987 297
 1041 335
 1098 366
 1155 398
 1210 433
 1262 472
 1313 513
 1362 556
 1414 595
 1467 633
 1524 665
 1568 714
 1604 768
 1642 821
 1685 870
 1729 918
 1750 980
 1773 1041
 1789 1104
 1810 1166
 1827 1229
 1848 1290
 1880 1347
 1831 1390
 1866 1335
 1821 1288
 1783 1236
 1749 1180
 1707 1130
 1663 1082
 1614 1038
 1565 996
 1504 973
 1451 935
 1393 905
 1330 886
 1265 881
 1200 880
 1135 880
 1070 871
 1006 881
 941 878
 876 885
 811 893
 749 912
 691 941
 628 960
 573 995
 527 1041
 466 1065
 406 1088
 357 1132
 300 1164
 246 1200
 196 1243
 151 1290
 112 1342
 107 1277
 101 1212
 106 1147
 112 1082
 107 1017
 115 952
 113 887
 105 822
 133 763
 148 700
 139 635
 133 570
 123 506
 122 440
 133 376
 132 311
 129 246
 137 181
 131 116
 189 146
 241 184
 288 229
 326 283
 355 341
 380 401
 418 454
 472 491
 532 516
 587 551
 639 591
 695 625
 745 666
 806 690
 867 712
 930 731
 993 746
 1058 740
 1123 734
 1188 727
 1253 723
 1318 715
 1383 716
 1448 717
 1513 711
 1578 703
 1642 715
 1704 736
 1760 769
 1805 817
 1843 869
 1869 929
 1887 992
 1846 1042
 1798 1086
 1744 1123
 1691 1161
 1649 1210
 1592 1243
 1531 1264
 1469 1287
 1405 1293
 1340 1304
 1276 1315
 1219 1346
 1167 1386
 1153 1322
 1132 1260
 1112 1198
 1096 1135
 1065 1077
 1031 1022
 999 965
 980 902
 948 846
 917 788
 890 729
 875 665
 866 601
 854 537
 851 472
 845 407
 844 341
 826 279
 804 217
 789 154
 771 216
 753 279
 731 340
 709 402
 684 462
 667 525
 651 588
 641 652
 617 713
 583 769
 553 827
 536 890
 514 951
 498 1014
 484 1078
 462 1139
 440 1201
 417 1262
 389 1320
 350 1373
 285 1377
 222 1360
 157 1355
 134 1294
 115 1232
 179 1242
 243 1255
 306 1270
 372 1268
 435 1254
 501 1252
 565 1240
 630 1237
 695 1242
 759 1254
 823 1267
 882 1294
 946 1307
 1010 1320
 1073 1338
 1132 1365
 1189 1397
 1250 1374
 1306 1342
 1364 1310
 1429 1308
 1493 1298
 1552 1271
 1614 1249
 1663 1207
 1717 1170
 1777 1143
 1829 1105
 1873 1056
 1812 1079
 1748 1092
 1684 1105
 1628 1138
 1580 1182
 1534 1229
 1489 1276
 1451 1328
 1402 1372
 1339 1389
 1274 1389
 1209 1384
 1147 1365
 1082 1360
 1017 1355
 952 1350
 888 1335
 827 1312
 772 1277
 714 1247
 669 1200
 627 1150
 583 1102
 554 1044
 518 989
 495 928
 463 872
 438 811
 416 750
 386 692
 340 646
 297 596
 270 537
 251 474
 244 410
 245 344
 252 280
 262 215
 258 150
 317 180
 374 210
 430 244
 470 295
 522 334
 572 376
 630 407
 692 425
 750 456
 803 494
 852 536
 907 572
 962 607
 1018 640
 1067 683
 1111 731
 1158 776
 1203 824
 1252 867
 1298 913
 1350 953
 1398 997
 1449 1037
 1498 1080
 1549 1121
 1608 1149
 1669 1171
 1715 1217
 1766 1258
 1810 1306
 1865 1341
 1814 1381
 1748 1379
 1684 1390
 1619 1392
 1554 1396
 1489 1396
 1536 1351
 1591 1317
 1641 1274
 1682 1223
 1711 1165
 1754 1116
 1798 1068
 1838 1016
 1873 962
 1819 926
 1757 906
 1694 887
 1634 862
 1577 831
 1515 809
 1451 799
 1386 799
 1321 800
 1255 804
 1191 811
 1127 825
 1077 866
 1033 915
 988 962
 946 1012
 908 1065
 876 1122
 836 1173
 805 1230
 783 1292
 770 1356
 796 1296
 818 1235
 836 1172
 872 1118
 907 1062
 957 1021
 1015 990
 1074 963
 1137 946
 1201 934
 1266 939
 1330 953
 1394 968
 1457 982
 1522 990
 1587 997
 1652 1004
 1716 1014
 1781 1013
 1841 987
 1778 969
 1721 938
 1666 903
 1610 870
 1546 857
 1482 846
 1417 856
 1352 862
 1288 851
 1226 829
 1169 798
 1109 773
 1047 751
 983 743
 918 738
 853 727
 789 740
 730 766
 674 801
 629 848
 578 888
 523 924
 480 973
 425 1008
 387 1061
 374 1125
 364 1189
 351 1253
 341 1318
 335 1383
 304 1325
 286 1262
 282 1197
 299 1134
 307 1069
 325 1007
 356 949
 389 893
 421 836
 464 787
 499 732
 543 684
 607 669
 664 638
 726 616
 784 588
 843 559
 908 555
 968 531
 1032 514
 1097 512
 1158 489
 1219 466
 1276 435
 1336 410
 1400 397
 1465 392
 1529 379
 1587 350
 1642 314
 1702 289
 1765 271
 1830 269
 1895 265
 1838 297
 1787 337
 1735 377
 1683 416
 1626 449
 1573 486
 1515 516
 1457 545
 1399 575
 1345 612
 1288 643
 1223 652
 1159 666
 1096 680
 1034 701
 973 724
 913 749
 856 781
 805 822
 748 854
 689 882
 625 892
 561 907
 498 923
 433 916
 368 916
 303 917
 238 921
 175 902
 116 875
 118 810
 109 745
 112 680
 175 661
 239 649
 302 632
 367 629
 426 601
 473 556
 514 505
 553 453
 586 396
 638 357
 692 320
 738 275
 790 235
 835 188
 877 138
 829 183
 784 230
 736 274
 694 324
 647 369
 603 417
 551 455
 495 489
 451 538
 409 588
 373 642
 341 699
 317 759
 298 822
 297 887
 272 947
 240 1004
 203 1057
 164 1110
 121 1159
 140 1222
 158 1284
 182 1345
 221 1397
 286 1397
 352 1396
 414 1377
 477 1362
 542 1352
 607 1346
 671 1334
 730 1307
 790 1281
 850 1255
 911 1232
 975 1221
 1040 1220
 1105 1230
 1169 1242
 1230 1265
 1284 1301
 1344 1327
 1397 1366
 1393 1301
 1391 1235
 1396 1170
 1388 1106
 1383 1041
 1363 979
 1331 922
 1311 860
 1276 805
 1233 755
 1171 735
 1112 709
 1052 683
 993 655
 935 626
 878 593
 821 562
 772 519
 712 494
 656 461
 601 425
 555 379
 501 342
 450 302
 389 279
 325 267
 260 268
 195 278
 130 279
 190 304
 246 337
 305 365
 369 382
 432 395
 498 395
 562 386
 627 378
 692 385
 757 384
 819 364
 870 323
 899 265
 930 207
 943 144
 918 204
 890 263
 895 328
 895 393
 883 457
 880 523
 897 586
 906 650
 921 714
 946 774
 975 832
 1013 885
 1044 943
 1084 994
 1124 1046
 1171 1091
 1219 1135
 1261 1185
 1299 1238
 1346 1283
 1392 1329
 1425 1385
 1458 1329
 1471 1265
 1505 1209
 1545 1158
 1595 1116
 1655 1090
 1714 1062
 1768 1026
 1826 995
 1883 963
 1868 1027
 1872 1092
 1819 1054
 1770 1010
 1741 952
 1725 889
 1701 828
 1677 767
 1646 710
 1607 658
 1562 611
 1510 572
 1458 532
 1393 524
 1329 515
 1265 527
 1200 538
 1135 540
 1070 540
 1006 530
 941 525
 875 522
 813 503
 750 488
 685 476
 620 475
 555 475
 490 484
 426 476
 361 465
 297 455
 232 463
 167 463
 103 451
 106 386
 163 355
 214 315
 275 290
 340 284
 405 279
 468 264
 532 248
 597 244
 661 231
 722 209
 785 191
 849 179
 913 168
 970 137
 977 201
 989 265
 1008 328
 1036 387
 1076 439
 1117 489
 1148 547
 1177 605
 1207 663
 1247 715
 1294 759
 1356 780
 1415 807
 1477 827
 1540 846
 1599 873
 1661 894
 1726 901
 1789 915
 1854 926
 1789 916
 1724 910
 1660 921
 1595 930
 1537 960
 1473 973
 1408 973
 1345 987
 1284 1011
 1221 1030
 1157 1042
 1093 1053
 1033 1078
 972 1101
 910 1122
 847 1140
 783 1152
 719 1164
 662 1195
 605 1227
 551 1264
 491 1288
 445 1334
 401 1383
 357 1335
 306 1294
 258 1250
 209 1207
 179 1149
 136 1101
 196 1126
 249 1163
 309 1188
 367 1219
 429 1240
 486 1271
 545 1300
 595 1341
 650 1376
 712 1398
 658 1361
 598 1336
 534 1348
 469 1359
 404 1360
 339 1355
 275 1344
 210 1335
 148 1315
 212 1329
 277 1328
 339 1308
 402 1290
 466 1279
 524 1249
 585 1226
 650 1230
 714 1239
 779 1240
 844 1250
 907 1267
 967 1292
 1009 1342
 985 1281
 980 1216
 964 1153
 943 1091
 933 1027
 929 961
 942 897
 973 840
 1001 781
 1031 724
 1058 664
 1088 606
 1137 563
 1194 532
 1255 509
 1312 478
 1367 441
 1418 402
 1477 374
 1536 346
 1599 327
 1659 301
 1714 266
 1775 245
 1832 213
 1891 186
 1841 228
 1783 256
 1737 302
 1698 354
 1663 410
 1637 469
 1623 533
 1607 596
 1583 657
 1547 711
 1531 775
 1510 836
 1477 893
 1432 940
 1387 987
 1342 1034
 1289 1072
 1228 1095
 1180 1140
 1125 1173
 1064 1197
 1001 1216
 942 1243
 877 1239
 812 1238
 749 1220
 699 1179
 647 1139
 611 1085
 596 1021
 579 958
 575 893
 554 832
 544 767
 533 703
 511 641
 485 582
 471 518
 452 455
 425 396
 393 339
 369 279
 333 225
 299 169
 266 113
 302 167
 340 220
 383 269
 439 303
 494 337
 559 343
 623 358
 686 374
 751 378
 815 390
 880 394
 945 392
 1011 393
 1075 380
 1135 354
 1188 317
 1248 291
 1304 258
 1365 234
 1427 213
 1484 182
 1544 158
 1603 130
 1664 107
 1599 110
 1535 120
 1470 113
 1405 106
 1340 103
 1275 107
 1211 117
 1146 126
 1087 154
 1038 197
 990 241
 948 291
 903 338
 882 400
 862 462
 848 526
 835 590
 821 653
 809 717
 793 781
 781 845
 762 907
 737 967
 702 1022
 651 1062
 601 1105
 541 1130
 481 1155
 420 1179
 356 1192
 296 1216
 243 1255
 192 1295
 148 1344
 108 1395
 104 1330
 104 1395
 118 1331
 133 1268
 154 1206
 175 1144
 203 1086
 229 1026
 261 969
 288 910
 331 860
 371 809
 413 759
 446 702
 484 649
 528 601
 579 560
 624 514
 673 470
 720 425
 763 376
 799 322
 844 275
 875 218
 895 155
 957 135
 1022 139
 1087 146
 1151 155
 1216 162
 1281 167
 1346 164
 1411 167
 1476 163
 1541 153
 1606 149
 1670 139
 1736 139
 1797 116
 1837 167
 1874 221
 1809 226
 1747 248
 1684 264
 1619 266
 1554 273
 1489 266
 1429 242
 1366 226
 1302 212
 1237 210
 1172 209
 1106 210
 1044 229
 989 265
 925 276
 860 281
 798 301
 734 315
 670 325
 608 345
 549 373
 487 394
 431 427
 370 450
 305 453
 240 460
 175 459
 110 456
 146 402
 183 348
 228 301
 271 253
 314 204
 353 151
 414 175
 479 175
 544 170
 609 163
 672 146
 737 135
 802 132
 864 112
 929 109
 944 173
 958 236
 987 295
 1025 348
 1062 401
 1105 451
 1145 502
 1189 551
 1234 598
 1291 628
 1344 667
 1406 686
 1468 707
 1532 721
 1596 732
 1656 756
 1715 784
 1776 809
 1841 814
 1868 873
 1888 935
 1840 979
 1781 1008
 1720 1030
 1658 1051
 1595 1069
 1537 1099
 1476 1120
 1416 1146
 1358 1176
 1307 1217
 1263 1264
 1212 1305
 1158 1342
 1100 1372
 1035 1373
 971 1385
 906 1395
 845 1372
 782 1356
 717 1352
 655 1373
 590 1370
 525 1374
 460 1378
 395 1368
 333 1348
 276 1318
 218 1287
 165 1250
 114 1208
 179 1207
 244 1219
 306 1237
 370 1251
 435 1257
 499 1267
 564 1261
 629 1260
 691 1238
 746 1202
 798 1163
 858 1139
 918 1113
 979 1089
 1036 1059
 1097 1034
 1162 1026
 1226 1034
 1290 1046
 1354 1060
 1418 1073
 1479 1096
 1542 1114
 1607 1111
 1671 1102
 1736 1104
 1801 1116
 1866 1120
 1810 1085
 1750 1060
 1687 1045
 1623 1030
 1559 1019
 1500 992
 1455 945
 1408 900
 1356 860
 1298 830
 1241 798
 1184 766
 1123 744
 1058 738
 993 737
 931 759
 868 776
 804 787
 740 798
 675 805
 610 805
 549 828
 490 856
 441 900
 384 930
 328 964
 277 1005
 224 1043
 168 1075
 107 1099
 120 1163
 133 1227
 150 1290
 155 1355
 211 1389
 146 1380
 102 1331
 149 1377
 117 1320
 154 1374
 173 1311
 186 1247
 190 1182
 187 1117
 187 1052
 172 988
 179 924
 180 858
 187 794
 214 734
 237 673
 268 616
 305 562
 346 511
 384 458
 429 411
 478 368
 507 309
 530 248
 574 200
 622 156
 662 105
 632 163
 597 218
 558 270
 518 322
 487 379
 457 437
 416 488
 370 534
 322 578
 264 609
 200 618
 136 605
 152 542
 176 482
 192 418
 194 353
 187 288
 179 223
 176 158
 217 108
 196 170
 171 230
 140 287
 114 347
 140 287
 160 225
 174 161
 153 223
 127 283
 104 344
 118 280
 152 225
 196 177
 245 133
 305 107
 247 136
 186 161
 123 177
 168 224
 204 279
 235 336
 270 391
 312 441
 351 493
 404 531
 457 570
 518 592
 583 591
 647 603
 711 617
 776 618
 841 624
 906 629
 971 635
 1035 649
 1100 654
 1165 660
 1229 669
 1295 668
 1360 663
 1424 669
 1490 673
 1555 675
 1618 689
 1682 705
 1747 711
 1812 718
 1873 740
 1830 790
 1792 842
 1746 889
 1717 947
 1676 998
 1627 1041
 1578 1083
 1530 1128
 1482 1172
 1441 1223
 1385 1256
 1332 1295
 1280 1333
 1228 1373
 1163 1362
 1098 1361
 1033 1356
 974 1329
 911 1312
 846 1315
 782 1331
 723 1358
 667 1391
 636 1333
 597 1281
 566 1223
 522 1175
 482 1123
 426 1090
 368 1062
 309 1033
 246 1017
 181 1012
 118 1030
 141 1091
 170 1149
 205 1204
 230 1264
 232 1330
 238 1395
 198 1343
 140 1314
 101 1262
 121 1324
 135 1388
 169 1332
 211 1283
 249 1229
 274 1169
 287 1105
 305 1043
 323 980
 349 920
 381 863
 411 805
 450 753
 485 698
 521 644
 553 587
 581 528
 606 468
 639 412
 676 358
 707 300
 752 253
 800 209
 844 161
 884 110
 940 143
 982 193
 1022 244
 1064 294
 1105 345
 1139 400
 1163 461
 1184 523
 1191 588
 1195 653
 1203 717
 1224 779
 1249 840
 1277 898
 1302 959
 1324 1020
 1337 1084
 1351 1148
 1362 1212
 1370 1277
 1376 1341
 1441 1334
 1506 1329
 1570 1344
 1634 1355
 1698 1365
 1762 1351
 1823 1329
 1889 1330
 1851 1383
 1815 1329
 1776 1277
 1731 1229
 1685 1183
 1640 1136
 1586 1099
 1525 1075
 1461 1065
 1396 1065
 1331 1074
 1266 1081
 1204 1100
 1142 1121
 1080 1142
 1021 1169
 963 1198
 909 1235
 861 1279
 808 1318
 755 1355
 699 1389
 703 1324
 720 1261
 737 1198
 739 1133
 753 1069
 776 1008
 769 943
 775 878
 773 813
 779 748
 800 686
 817 623
 833 560
 837 495
 829 430
 819 366
 804 302
 788 239
 761 180
 722 127
 743 189
 749 254
 747 319
 742 384
 734 449
 716 512
 690 572
 663 631
 640 692
 622 754
 625 820
 634 884
 635 949
 639 1014
 647 1079
 653 1144
 668 1208
 681 1272
 708 1331
 732 1392
 671 1367
 613 1338
 552 1316
 490 1294
 430 1270
 376 1232
 318 1202
 260 1173
 203 1142
 155 1097
 113 1048
 109 1113
 172 1095
 235 1080
 299 1069
 362 1051
 424 1031
 486 1011
 546 986
 605 958
 647 908
 699 868
 760 844
 817 814
 879 794
 944 782
 1002 752
 1051 709
 1106 675
 1167 651
 1232 645
 1294 625
 1359 618
 1424 621
 1489 621
 1554 623
 1619 615
 1681 593
 1744 578
 1809 571
 1874 568
 1869 633
 1878 698
 1887 762
 1893 827
 1836 860
 1789 904
 1751 958
 1706 1005
 1670 1059
 1623 1104
 1574 1148
 1517 1178
 1475 1228
 1434 1279
 1403 1337
 1364 1389
 1389 1328
 1411 1267
 1425 1203
 1415 1139
 1426 1075
 1452 1015
 1473 953
 1498 893
 1510 829
 1515 764
 1522 699
 1544 637
 1568 577
 1609 526
 1653 478
 1689 424
 1715 364
 1747 307
 1764 244
 1783 182
 1793 117
 1729 108
 1771 158
 1819 201
 1874 237
 1810 248
 1745 255
 1680 264
 1616 274
 1553 290
 1493 317
 1432 340
 1370 359
 1305 369
 1241 375
 1175 371
 1110 372
 1045 378
 980 385
 916 391
 851 397
 789 418
 730 446
 671 475
 620 515
 579 566
 540 618
 497 667
 448 711
 413 765
 381 822
 350 880
 331 942
 308 1003
 268 1055
 228 1106
 180 1150
 122 1180
 182 1155
 238 1121
 293 1087
 341 1042
 382 992
 422 940
 467 893
 523 860
 576 822
 637 798
 695 768
 749 732
 807 703
 871 690
 936 680
 996 655
 1057 632
 1122 626
 1187 624
 1251 635
 1316 647
 1381 644
 1446 650
 1511 654
 1575 641
 1640 644
 1704 651
 1769 660
 1832 676
 1889 708
 1824 711
 1759 720
 1698 743
 1635 758
 1569 760
 1505 753
 1439 751
 1375 757
 1310 764
 1245 765
 1180 757
 1121 728
 1069 689
 1010 661
 947 644
 885 624
 828 593
 765 576
 699 574
 636 588
 578 619
 521 651
 464 681
 410 718
 368 768
 322 814
 276 860
 240 915
 218 976
 217 1042
 204 1105
 178 1165
 153 1225
 121 1283
 161 1231
 197 1176
 227 1119
 261 1063
 291 1005
 322 948
 361 895
 400 843
 442 793
 493 753
 551 723
 593 673
 635 623
 678 574
 713 519
 742 461
 758 397
 757 332
 752 267
 731 205
 727 140
 774 185
 814 237
 869 272
 928 300
 988 326
 1040 364
 1089 408
 1135 454
 1178 503
 1214 557
 1244 615
 1265 677
 1280 740
 1303 802
 1340 855
 1398 884
 1458 909
 1513 944
 1573 971
 1634 995
 1689 1028
 1745 1062
 1810 1070
 1875 1061
 1846 1003
 1811 948
 1783 888
 1740 840
 1698 790
 1653 743
 1608 696
 1562 649
 1520 600
 1468 560
 1410 529
 1349 508
 1285 493
 1228 462
 1176 423
 1130 377
 1083 331
 1038 284
 987 244
 942 196
 913 137
 979 139
 1043 149
 1108 149
 1174 151
 1239 154
 1303 163
 1367 178
 1430 194
 1493 210
 1550 243
 1612 262
 1674 283
 1736 302
 1801 307
 1866 302
 1819 257
 1771 212
 1734 159
 1765 102
 1700 100
 1734 156
 1764 214
 1805 265
 1833 323
 1861 382
 1894 439
 1847 394
 1795 353
 1756 301
 1715 251
 1676 199
 1640 144
 1590 187
 1553 240
 1524 299
 1499 359
 1468 416
 1446 478
 1426 540
 1410 603
 1404 668
 1382 729
 1357 790
 1344 854
 1331 918
 1311 980
 1303 1044
 1279 1105
 1255 1166
 1238 1229
 1240 1294
 1242 1359
 1246 1294
 1268 1232
 1271 1167
 1268 1102
 1248 1040
 1231 977
 1205 917
 1165 866
 1138 807
 1102 752
 1058 704
 1015 655
 983 598
 954 540
 921 484
 890 426
 848 376
 813 321
 766 276
 721 229
 669 190
 626 141
 577 185
 528 227
 497 285
 464 341
 434 399
 424 463
 415 528
 407 592
 410 658
 430 720
 440 784
 437 849
 437 915
 429 979
 406 1040
 377 1099
 347 1157
 333 1220
 321 1284
 301 1346
 252 1303
 202 1261
 156 1214
 114 1165
 179 1156
 241 1137
 305 1123
 367 1104
 431 1091
 496 1086
 561 1080
 625 1090
 690 1099
 755 1105
 819 1117
 883 1131
 931 1175
 970 1227
 996 1287
 1035 1339
 1078 1389
 1138 1364
 1185 1319
 1229 1271
 1283 1234
 1324 1183
 1359 1128
 1401 1079
 1446 1032
 1500 994
 1559 967
 1622 949
 1685 934
 1750 923
 1812 904
 1869 873
 1822 828
 1774 784
 1729 737
 1702 677
 1693 613
 1691 548
 1684 483
 1661 422
 1648 358
 1655 293
 1654 228
 1656 163
 1613 113
 1677 123
 1737 150
 1799 168
 1865 167
 1826 220
 1797 278
 1750 324
 1696 360
 1644 399
 1589 434
 1540 477
 1491 520
 1443 564
 1398 612
 1357 662
 1313 711
 1268 758
 1224 806
 1190 862
 1157 918
 1123 974
 1087 1028
 1045 1078
 995 1120
 946 1163
 900 1209
 855 1257
 817 1310
 779 1362
 835 1396
 770 1399
 704 1399
 769 1393
 834 1398
 899 1388
 960 1365
 1022 1346
 1084 1326
 1149 1328
 1211 1307
 1276 1297
 1339 1281
 1403 1266
 1466 1250
 1523 1219
 1572 1176
 1611 1123
 1651 1072
 1683 1015
 1703 953
 1721 891
 1714 826
 1693 764
 1665 705
 1623 656
 1593 598
 1573 535
 1542 479
 1527 415
 1514 351
 1496 288
 1478 226
 1452 166
 1432 104
 1468 158
 1498 216
 1548 258
 1600 297
 1654 334
 1715 357
 1778 374
 1842 384
 1896 348
 1831 343
 1768 326
 1708 300
 1645 286
 1580 285
 1517 302
 1467 344
 1413 380
 1377 434
 1333 483
 1273 509
 1211 529
 1147 541
 1083 553
 1018 559
 953 557
 888 554
 823 563
 767 595
 706 620
 647 648
 591 681
 537 718
 477 742
 421 776
 368 814
 324 862
 281 912
 235 958
 189 1003
 133 1038
 123 973
 107 910
 136 851
 168 794
 199 737
 232 681
 264 624
 312 581
 360 536
 411 496
 470 468
 526 434
 571 387
 618 342
 667 299
 713 252
 753 201
 787 145
 736 105
 673 124
 610 141
 547 155
 482 166
 422 191
 363 218
 300 236
 238 255
 176 275
 115 298
 173 269
 226 230
 280 193
 318 141
 370 101
 323 147
 268 182
 209 210
 150 236
 110 288
 141 345
 169 404
 201 460
 247 507
 299 546
 347 591
 393 636
 411 699
 431 761
 459 820
 483 881
 507 941
 525 1004
 527 1069
 521 1134
 521 1199
 533 1264
 548 1327
 578 1385
 569 1320
 553 1257
 542 1193
 528 1129
 522 1064
 511 1000
 489 939
 467 877
 453 813
 448 748
 437 684
 441 619
 449 554
 452 489
 466 425
 475 361
 462 297
 435 237
 410 177
 386 117
 336 159
 290 205
 252 258
 222 316
 197 376
 167 434
 139 493
 123 556
 181 527
 241 501
 302 478
 367 468
 425 439
 482 408
 533 367
 582 323
 634 284
 676 235
 717 184
 756 132
 756 197
 756 262
 761 327
 766 392
 785 455
 803 517
 819 581
 819 646
 829 710
 860 768
 907 812
 949 862
 990 913
 1030 965
 1066 1019
 1100 1075
 1125 1135
 1157 1192
 1193 1246
 1241 1291
 1282 1342
 1317 1397
 1263 1360
 1213 1318
 1166 1273
 1109 1241
 1052 1210
 1004 1165
 952 1126
 901 1085
 850 1044
 808 994
 759 952
 705 915
 641 904
 577 890
 519 860
 467 820
 415 781
 362 743
 305 711
 251 675
 207 627
 163 578
 118 531
 121 596
 135 660
 129 725
 110 788
 162 748
 219 716
 281 696
 346 692
 411 688
 475 701
 533 730
 595 752
 652 783
 711 810
 766 846
 830 860
 889 887
 951 907
 1014 925
 1079 921
 1143 936
 1208 934
 1273 941
 1337 934
 1401 922
 1464 904
 1526 882
 1583 851
 1640 819
 1693 781
 1742 739
 1784 688
 1825 638
 1866 587
 1890 526
 1866 587
 1836 645
 1811 705
 1806 770
 1811 835
 1806 900
 1797 965
 1794 1030
 1789 1095
 1764 1155
 1734 1212
 1697 1267
 1661 1321
 1617 1369
 1682 1366
 1743 1343
 1808 1340
 1872 1326
 1838 1381
 1823 1318
 1813 1253
 1813 1188
 1803 1124
 1802 1058
 1786 995
 1780 930
 1785 865
 1787 800
 1792 735
 1816 674
 1852 620
 1816 675
 1789 734
 1761 793
 1733 852
 1701 909
 1678 970
 1665 1033
 1640 1094
 1604 1148
 1564 1200
 1519 1247
 1491 1306
 1467 1367
 1405 1346
 1346 1317
 1293 1280
 1237 1245
 1187 1204
 1131 1170
 1087 1122
 1040 1077
 1005 1021
 956 979
 909 934
 863 887
 826 834
 782 786
 739 737
 719 675
 696 614
 667 555
 629 502
 593 448
 557 393
 517 342
 475 292
 436 240
 406 182
 372 126
 422 169
 482 195
 538 227
 601 245
 662 269
 725 285
 788 300
 852 315
 914 335
 976 355
 1032 388
 1093 409
 1155 431
 1216 454
 1277 478
 1341 490
 1403 510
 1467 520
 1532 522
 1598 522
 1663 522
 1728 531
 1791 546
 1849 576
 1789 550
 1729 524
 1667 503
 1603 494
 1539 480
 1476 464
 1411 465
 1346 459
 1280 460
 1216 467
 1151 479
 1086 484
 1022 490
 958 507
 899 534
 839 560
 785 595
 735 638
 691 686
 656 741
 620 795
 575 842
 539 897
 501 950
 476 1010
 458 1073
 414 1121
 372 1171
 309 1187
 244 1193
 179 1200
 114 1192
 175 1168
 234 1139
 297 1122
 358 1102
 422 1088
 485 1070
 545 1045
 598 1007
 663 1010
 728 1017
 790 1036
 854 1048
 919 1050
 984 1044
 1049 1039
 1109 1066
 1170 1089
 1235 1094
 1300 1091
 1364 1078
 1428 1067
 1493 1062
 1552 1091
 1613 1113
 1672 1141
 1736 1153
 1801 1153
 1866 1159
 1828 1106
 1787 1055
 1750 1001
 1711 949
 1665 903
 1620 856
 1573 811
 1535 758
 1484 717
 1442 667
 1398 619
 1367 561
 1340 502
 1307 446
 1269 393
 1224 345
 1185 293
 1138 248
 1099 196
 1052 151
 998 114
 971 173
 953 236
 940 300
 933 364
 936 430
 925 494
 924 559
 934 624
 955 685
 993 738
 1020 797
 1062 847
 1100 900
 1146 947
 1173 1006
 1208 1061
 1250 1111
 1291 1162
 1340 1205
 1387 1250
 1441 1287
 1495 1323
 1548 1360
 1605 1393
 1553 1354
 1503 1311
 1453 1270
 1413 1218
 1382 1161
 1347 1106
 1318 1047
 1280 994
 1252 935
 1228 875
 1201 815
 1175 756
 1148 696
 1120 637
 1077 588
 1027 546
 972 512
 916 478
 865 437
 813 398
 767 351
 714 314
 656 284
 591 279
 527 266
 462 271
 397 266
 334 282
 269 284
 203 286
 138 289
 121 352
 112 417
 177 415
 233 382
 288 346
 343 312
 397 275
 442 228
 482 176
 527 129
 592 129
 658 129
 722 118
 785 101
 850 103
 913 120
 977 131
 1041 144
 1102 169
 1156 204
 1219 223
 1276 254
 1328 294
 1375 338
 1424 382
 1470 428
 1501 486
 1533 542
 1567 598
 1613 644
 1652 696
 1691 749
 1721 806
 1735 870
 1764 929
 1792 987
 1815 1048
 1831 1112
 1842 1176
 1855 1240
 1886 1297
 1865 1236
 1838 1176
 1812 1117
 1797 1053
 1794 988
 1799 923
 1814 859
 1810 794
 1825 731
 1845 669
 1873 609
 1812 633
 1756 666
 1697 695
 1636 719
 1575 741
 1512 756
 1451 780
 1395 814
 1344 853
 1291 892
 1253 945
 1203 987
 1164 1039
 1124 1091
 1076 1135
 1041 1190
 1031 1254
 1033 1320
 1038 1385
 1078 1333
 1126 1288
 1154 1230
 1181 1170
 1205 1110
 1233 1051
 1280 1005
 1329 963
 1380 922
 1435 887
 1486 845
 1537 805
 1581 758
 1629 713
 1677 669
 1716 617
 1743 557
 1755 493
 1750 428
 1742 363
 1735 298
 1712 238
 1696 174
 1674 113
 1618 147
 1567 188
 1517 229
 1457 254
 1401 287
 1350 328
 1310 380
 1286 440
 1271 504
 1240 561
 1212 620
 1181 677
 1125 710
 1082 759
 1042 811
 987 845
 930 877
 870 903
 810 929
 753 960
 694 987
 640 1025
 595 1072
 566 1130
 525 1181
 473 1220
 417 1254
 358 1282
 297 1306
 238 1333
 178 1359
 120 1389
 159 1337
 205 1291
 247 1241
 288 1190
 330 1140
 367 1086
 410 1037
 432 976
 460 917
 501 866
 539 813
 566 754
 586 692
 601 628
 624 567
 641 504
 670 446
 690 384
 713 323
 718 258
 725 193
 741 130
 681 106
 615 105
 669 143
 719 184
 778 211
 841 231
 905 242
 970 249
 1035 247
 1100 255
 1165 262
 1230 265
 1295 264
 1360 264
 1423 246
 1486 231
 1550 218
 1614 205
 1677 189
 1740 171
 1795 136
 1850 101
 1864 164
 1885 226
 1878 291
 1867 355
 1868 420
 1865 485
 1853 550
 1844 614
 1855 679
 1865 743
 1883 806
 1896 870
 1887 934
 1874 998
 1863 1063
 1835 1122
 1791 1169
 1748 1218
 1701 1264
 1653 1307
 1610 1357
 1572 1304
 1516 1269
 1461 1234
 1415 1189
 1361 1152
 1305 1119
 1255 1077
 1210 1029
 1149 1008
 1093 974
 1040 936
 986 899
 925 877
 870 841
 835 787
 791 738
 761 680
 720 630
 671 586
 620 546
 561 518
 505 484
 450 450
 399 409
 343 376
 294 333
 243 292
 184 263
 120 249
 152 306
 178 366
 206 425
 235 483
 254 546
 265 610
 270 675
 255 738
 250 803
 247 869
 258 933
 269 997
 283 1061
 287 1126
 301 1190
 326 1250
 345 1312
 385 1364
 326 1337
 264 1315
 206 1286
 155 1245
 180 1305
 210 1364
 253 1315
 297 1267
 334 1213
 377 1164
 414 1110
 436 1049
 453 986
 465 922
 483 859
 478 794
 486 729
 520 673
 554 618
 588 562
 633 515
 688 480
 728 428
 775 383
 813 330
 836 269
 864 210
 884 148
 846 201
 807 254
 769 306
 725 355
 692 411
 652 462
 610 512
 582 571
 544 624
 501 673
 447 709
 387 735
 328 763
 282 809
 232 851
 192 902
 149 952
 113 1006
 126 1070
 132 1135
 155 1196
 191 1250
 208 1313
 219 1378
 166 1340
 117 1296
 172 1260
 210 1207
 244 1151
 282 1099
 341 1071
 406 1061
 471 1059
 534 1044
 597 1028
 661 1013
 724 996
 785 974
 849 959
 914 960
 977 978
 1039 996
 1101 1017
 1166 1026
 1230 1019
 1294 1004
 1356 986
 1415 957
 1468 918
 1520 879
 1582 859
 1647 854
 1711 846
 1772 821
 1834 801
 1887 764
 1835 725
 1776 696
 1715 674
 1659 641
 1603 607
 1550 569
 1501 526
 1449 486
 1393 453
 1332 431
 1273 403
 1217 369
 1165 330
 1116 286
 1074 236
